TF	TFAs Ave.(E)_A375	TFAs Ave.(IE)_A375	TTS_A375	p_val_A375	FDR_A375	negLog10_FDR_A375	TFAs Ave.(E)_HT29	TFAs Ave.(IE)_HT29	TTS_HT29	p_val_HT29	FDR_HT29	negLog10_FDR_HT29	TTS_SUM
E4F1	1.572	0.384	11.936	1.148e-26	7.198e-24	23.143	1.553	0.255	10.597	1.475e-18	9.245e-16	15.034	22.533
RBL1	1.758	0.452	11.472	2.644e-24	1.658e-21	20.781	1.454	0.229	10.212	1.082e-17	6.782e-15	14.169	21.684
E2F4	1.612	0.342	10.852	1.009e-22	6.324e-20	19.199	1.964	0.601	9.797	1.114e-16	6.986e-14	13.156	20.649
TP53	2.015	0.544	9.783	1.881e-18	1.179e-15	14.928	1.777	0.202	9.621	2.793e-16	1.751e-13	12.757	19.404
RBL2	1.367	0.200	10.737	2.311e-22	1.449e-19	18.839	1.306	0.293	8.409	1.563e-13	9.802e-11	10.009	19.146
ID4	0.916	0.190	9.093	4.119e-17	2.583e-14	13.588	0.980	0.198	9.837	3.367e-17	2.111e-14	13.676	18.930
DLX4	0.916	0.190	9.093	4.119e-17	2.583e-14	13.588	0.980	0.198	9.837	3.367e-17	2.111e-14	13.676	18.930
RB1	1.108	0.261	7.688	6.230e-13	3.906e-10	9.408	1.378	0.177	9.397	1.425e-15	8.934e-13	12.049	17.085
ZHX2	1.448	0.450	8.914	1.031e-16	6.465e-14	13.189	1.339	0.360	7.964	1.658e-12	1.039e-09	8.983	16.878
SOX6	1.394	0.468	7.655	6.271e-13	3.932e-10	9.405	1.157	0.160	8.279	9.901e-14	6.208e-11	10.207	15.934
POLR1A	0.592	0.115	8.455	6.112e-15	3.832e-12	11.417	0.583	0.079	7.156	1.266e-10	7.935e-08	7.100	15.611
E2F8	0.592	0.115	8.455	6.112e-15	3.832e-12	11.417	0.583	0.079	7.156	1.266e-10	7.935e-08	7.100	15.611
E2F7	0.592	0.115	8.455	6.112e-15	3.832e-12	11.417	0.583	0.079	7.156	1.266e-10	7.935e-08	7.100	15.611
MSC	1.233	0.408	8.236	9.225e-15	5.784e-12	11.238	1.180	0.174	7.243	7.357e-11	4.613e-08	7.336	15.479
IRF1	1.369	0.310	7.926	1.019e-13	6.387e-11	10.195	1.681	0.278	7.497	1.878e-11	1.178e-08	7.929	15.423
E2F6	0.465	0.010	9.088	8.918e-17	5.591e-14	13.252	0.340	0.003	6.088	1.740e-08	1.091e-05	4.962	15.176
ETV6	1.418	0.527	7.592	8.253e-13	5.175e-10	9.286	1.097	0.280	6.422	2.841e-09	1.782e-06	5.749	14.014
KLF6	1.207	0.476	5.938	1.235e-08	7.747e-06	5.111	1.059	0.125	7.929	4.765e-13	2.988e-10	9.525	13.867
CBX7	0.801	0.097	7.433	1.154e-12	7.236e-10	9.141	0.934	0.242	6.094	1.282e-08	8.036e-06	5.095	13.527
YBX1	1.085	0.179	6.861	9.456e-11	5.929e-08	7.227	1.364	0.340	6.583	1.828e-09	1.146e-06	5.941	13.444
SPEN	0.556	0.093	8.155	1.267e-14	7.945e-12	11.100	0.407	0.040	5.023	1.796e-06	1.126e-03	2.949	13.178
CRX	0.286	0.053	6.637	2.460e-10	1.542e-07	6.812	0.342	0.093	6.506	2.461e-09	1.543e-06	5.812	13.143
SF1	0.734	0.013	7.619	8.034e-13	5.038e-10	9.298	0.638	0.028	5.440	2.711e-07	1.700e-04	3.770	13.059
BTAF1	0.587	0.033	7.393	2.852e-12	1.788e-09	8.748	0.692	0.126	5.645	1.185e-07	7.428e-05	4.129	13.038
MITF	1.576	0.351	7.607	4.448e-13	2.789e-10	9.555	1.273	0.299	5.424	2.587e-07	1.622e-04	3.790	13.031
BRCA1	1.258	0.331	8.230	1.499e-14	9.400e-12	11.027	0.860	0.303	4.652	8.234e-06	5.163e-03	2.287	12.882
ZBTB16	0.761	0.045	6.464	4.712e-10	2.955e-07	6.530	0.814	0.014	6.365	3.403e-09	2.134e-06	5.671	12.829
FOXO3	1.012	0.305	6.549	4.423e-10	2.773e-07	6.557	1.625	0.583	6.257	8.453e-09	5.300e-06	5.276	12.806
RUNX2	0.865	0.036	6.803	6.480e-11	4.063e-08	7.391	1.171	-0.095	5.929	3.242e-08	2.032e-05	4.692	12.732
NR4A1	0.787	-0.003	7.413	1.635e-12	1.025e-09	8.989	0.491	-0.110	5.247	5.227e-07	3.277e-04	3.484	12.660
MLXIPL	0.827	0.195	5.536	7.569e-08	4.746e-05	4.324	1.231	0.348	6.830	2.086e-10	1.308e-07	6.883	12.366
ATOH1	0.802	-0.016	7.589	5.021e-13	3.148e-10	9.502	0.836	0.126	4.760	5.418e-06	3.397e-03	2.469	12.349
TCF19	0.770	0.198	6.843	5.114e-11	3.207e-08	7.494	0.760	0.232	5.505	2.021e-07	1.267e-04	3.897	12.348
SPDEF	1.183	0.126	7.823	2.159e-13	1.354e-10	9.868	0.931	0.192	4.435	2.142e-05	1.343e-02	1.872	12.258
LMO4	0.365	0.075	7.561	7.838e-13	4.914e-10	9.309	0.213	0.020	4.627	8.804e-06	5.520e-03	2.258	12.188
PURA	0.351	-0.135	5.089	7.727e-07	4.845e-04	3.315	0.739	-0.072	6.911	2.097e-10	1.315e-07	6.881	12.000
RFX1	0.217	-0.319	4.670	5.716e-06	3.584e-03	2.446	0.822	-0.213	6.920	3.231e-10	2.026e-07	6.693	11.590
MEF2D	1.476	0.340	7.005	3.171e-11	1.989e-08	7.701	0.700	0.141	4.450	1.749e-05	1.096e-02	1.960	11.455
CTBP1	0.617	0.202	5.025	9.808e-07	6.150e-04	3.211	0.617	0.050	6.361	3.364e-09	2.109e-06	5.676	11.386
NR2F2	0.687	0.082	7.336	2.163e-12	1.356e-09	8.868	0.359	-0.036	3.623	4.094e-04	2.567e-01	0.591	10.959
ASCL1	0.895	0.317	5.195	4.586e-07	2.875e-04	3.541	0.948	0.212	5.537	1.857e-07	1.164e-04	3.934	10.732
KLF4	0.620	0.227	4.262	2.912e-05	1.826e-02	1.739	0.596	-0.014	6.443	2.242e-09	1.406e-06	5.852	10.705
KLF2	1.109	0.506	5.197	4.023e-07	2.523e-04	3.598	0.940	0.170	5.459	2.856e-07	1.791e-04	3.747	10.656
APBB1	0.607	0.194	4.950	1.508e-06	9.457e-04	3.024	0.783	0.324	5.625	1.027e-07	6.442e-05	4.191	10.575
EWSR1	0.778	0.111	5.398	1.896e-07	1.189e-04	3.925	0.944	0.239	4.836	3.695e-06	2.317e-03	2.635	10.234
KLF10	1.175	0.413	6.396	1.073e-09	6.729e-07	6.172	0.179	-0.178	3.817	2.005e-04	1.257e-01	0.901	10.213
MYOCD	0.908	0.027	6.849	6.411e-11	4.019e-08	7.396	0.385	-0.102	3.321	1.147e-03	7.191e-01	0.143	10.170
CDX2	0.910	0.249	5.328	2.423e-07	1.519e-04	3.818	0.985	0.223	4.711	7.462e-06	4.679e-03	2.330	10.039
PIAS1	0.366	0.038	3.441	6.762e-04	4.240e-01	0.373	0.898	-0.018	6.584	1.334e-09	8.361e-07	6.078	10.025
FOXP3	0.488	0.169	5.293	2.463e-07	1.544e-04	3.811	0.378	0.006	4.720	6.775e-06	4.248e-03	2.372	10.013
EGR3	0.183	-0.059	4.494	1.049e-05	6.579e-03	2.182	0.439	0.052	5.506	1.788e-07	1.121e-04	3.950	10.000
PAWR	0.610	0.029	7.307	4.601e-12	2.885e-09	8.540	0.309	0.064	2.661	8.810e-03	1.000e+00	-0.000	9.968
MSX1	0.620	-0.034	4.428	1.493e-05	9.359e-03	2.029	0.822	-0.200	5.199	7.709e-07	4.834e-04	3.316	9.627
ISL1	0.701	-0.167	6.491	7.125e-10	4.467e-07	6.350	0.221	-0.150	3.096	2.339e-03	1.000e+00	-0.000	9.587
FHL2	1.317	0.718	3.960	1.083e-04	6.789e-02	1.168	0.872	0.157	5.592	1.380e-07	8.655e-05	4.063	9.552
BHLHE41	0.474	0.173	2.580	1.062e-02	1.000e+00	-0.000	0.893	0.158	6.940	1.407e-10	8.822e-08	7.054	9.520
NFRKB	0.661	0.128	4.954	1.557e-06	9.761e-04	3.010	0.539	0.121	4.525	1.453e-05	9.110e-03	2.040	9.479
ECD	0.196	0.068	3.007	2.948e-03	1.000e+00	-0.000	0.210	-0.026	6.260	3.307e-09	2.073e-06	5.683	9.267
MDM2	0.496	-0.169	5.979	6.885e-09	4.317e-06	5.365	0.332	-0.027	3.167	1.893e-03	1.000e+00	-0.000	9.146
DNMT3L	0.357	0.052	4.452	1.319e-05	8.269e-03	2.083	0.178	-0.177	4.628	8.403e-06	5.269e-03	2.278	9.080
FOXQ1	0.476	-0.063	4.333	2.105e-05	1.320e-02	1.880	0.787	-0.062	4.713	6.754e-06	4.235e-03	2.373	9.046
RUNX1	0.618	0.188	5.295	2.880e-07	1.806e-04	3.743	0.342	0.039	3.730	2.800e-04	1.756e-01	0.756	9.025
SMARCA4	0.682	0.197	4.518	9.790e-06	6.138e-03	2.212	0.501	-0.096	4.431	2.186e-05	1.371e-02	1.863	8.949
ZNF350	0.419	-0.014	3.967	1.079e-04	6.763e-02	1.170	0.653	0.185	4.898	3.082e-06	1.932e-03	2.714	8.865
OTX1	0.439	0.119	5.806	2.140e-08	1.342e-05	4.872	0.376	0.188	2.938	3.941e-03	1.000e+00	-0.000	8.744
NR4A3	0.763	0.084	5.997	8.977e-09	5.629e-06	5.250	0.529	0.201	2.699	8.089e-03	1.000e+00	-0.000	8.696
HEXIM1	0.669	0.210	3.139	1.974e-03	1.000e+00	-0.000	0.708	0.017	5.413	2.669e-07	1.673e-04	3.776	8.552
HMGA2	0.337	0.007	4.310	2.322e-05	1.456e-02	1.837	0.339	0.027	4.181	5.045e-05	3.163e-02	1.500	8.491
WT1	0.250	-0.068	4.197	3.728e-05	2.337e-02	1.631	0.409	-0.002	4.106	7.073e-05	4.435e-02	1.353	8.303
ATF4	1.268	0.343	6.176	2.875e-09	1.803e-06	5.744	0.607	0.295	2.115	3.639e-02	1.000e+00	-0.000	8.291
NR5A2	0.508	-0.193	6.422	6.879e-10	4.313e-07	6.365	-0.029	-0.263	1.860	6.532e-02	1.000e+00	-0.000	8.282
IRF8	0.378	-0.052	5.323	2.053e-07	1.287e-04	3.890	0.270	-0.004	2.946	3.746e-03	1.000e+00	-0.000	8.269
SPI1	0.357	0.002	3.277	1.202e-03	7.535e-01	0.123	0.582	-0.098	4.931	2.265e-06	1.420e-03	2.848	8.208
NFIC	0.053	-0.230	3.801	1.751e-04	1.098e-01	0.959	0.251	-0.096	4.351	2.392e-05	1.500e-02	1.824	8.152
FOXD3	0.327	-0.001	2.988	3.186e-03	1.000e+00	-0.000	0.573	0.005	5.044	1.377e-06	8.636e-04	3.064	8.032
SUGP1	0.438	-0.120	5.257	3.053e-07	1.914e-04	3.718	0.140	-0.178	2.721	7.360e-03	1.000e+00	-0.000	7.978
NR1H2	0.374	0.083	3.437	6.958e-04	4.363e-01	0.360	0.527	0.112	4.488	1.591e-05	9.973e-03	2.001	7.925
TSG101	0.177	-0.037	3.620	3.582e-04	2.246e-01	0.649	0.402	0.114	4.300	3.503e-05	2.197e-02	1.658	7.920
HLTF	0.447	0.169	3.690	2.678e-04	1.679e-01	0.775	0.506	0.110	4.180	5.524e-05	3.463e-02	1.461	7.870
IRF3	0.587	0.100	4.629	5.861e-06	3.675e-03	2.435	0.369	-0.047	3.213	1.690e-03	1.000e+00	-0.000	7.842
PLAGL1	0.240	-0.030	4.558	8.569e-06	5.373e-03	2.270	0.291	0.070	3.249	1.493e-03	9.360e-01	0.029	7.807
NHLH2	0.369	0.128	3.379	8.414e-04	5.275e-01	0.278	0.356	0.047	4.153	5.937e-05	3.722e-02	1.429	7.532
TFDP3	0.581	0.290	3.471	6.084e-04	3.815e-01	0.419	0.544	0.145	4.036	9.489e-05	5.949e-02	1.226	7.507
NR1H3	0.407	0.072	3.772	1.987e-04	1.246e-01	0.904	0.466	0.085	3.723	2.894e-04	1.814e-01	0.741	7.495
STAT1	0.822	0.400	4.234	3.342e-05	2.095e-02	1.679	0.481	0.146	3.227	1.618e-03	1.000e+00	-0.000	7.461
HIC1	0.199	-0.203	3.078	2.418e-03	1.000e+00	-0.000	0.603	0.078	4.309	3.447e-05	2.161e-02	1.665	7.387
CREM	0.047	-0.254	3.796	1.861e-04	1.167e-01	0.933	0.449	0.029	3.574	5.300e-04	3.323e-01	0.478	7.370
NRL	0.085	-0.026	3.629	3.513e-04	2.203e-01	0.657	0.119	-0.004	3.680	3.293e-04	2.065e-01	0.685	7.309
CEBPA	0.156	-0.173	3.001	3.009e-03	1.000e+00	-0.000	0.589	0.002	4.221	4.602e-05	2.886e-02	1.540	7.222
GATA6	0.428	-0.131	4.296	2.623e-05	1.645e-02	1.784	0.619	0.153	2.905	4.421e-03	1.000e+00	-0.000	7.201
SOX4	0.340	0.031	4.708	4.551e-06	2.854e-03	2.545	0.145	-0.028	2.432	1.635e-02	1.000e+00	-0.000	7.140
ZNF382	0.068	-0.127	1.838	6.735e-02	1.000e+00	-0.000	0.987	0.272	5.245	6.106e-07	3.828e-04	3.417	7.083
MECP2	0.533	0.150	3.110	2.097e-03	1.000e+00	-0.000	0.384	-0.093	3.925	1.377e-04	8.633e-02	1.064	7.035
NELFCD	0.716	0.388	2.465	1.458e-02	1.000e+00	-0.000	0.597	0.053	4.545	1.229e-05	7.704e-03	2.113	7.010
ZNF160	1.104	0.423	5.544	8.115e-08	5.088e-05	4.293	0.474	0.270	1.279	2.034e-01	1.000e+00	-0.000	6.823
ING4	0.854	0.623	2.118	3.535e-02	1.000e+00	-0.000	1.082	0.454	4.688	7.041e-06	4.415e-03	2.355	6.806
IRF9	0.764	0.478	2.952	3.526e-03	1.000e+00	-0.000	0.577	0.224	3.798	2.227e-04	1.396e-01	0.855	6.750
APC	0.136	0.016	1.198	2.324e-01	1.000e+00	-0.000	0.958	0.176	5.550	2.078e-07	1.303e-04	3.885	6.748
KAT5	0.392	0.179	2.699	7.403e-03	1.000e+00	-0.000	0.578	0.225	3.993	1.057e-04	6.628e-02	1.179	6.692
GLI1	0.133	-0.111	2.442	1.534e-02	1.000e+00	-0.000	0.552	0.033	4.208	4.956e-05	3.107e-02	1.508	6.650
TFAP4	0.524	0.294	2.978	3.217e-03	1.000e+00	-0.000	0.334	0.038	3.665	3.580e-04	2.245e-01	0.649	6.643
PRDM1	-0.060	-0.331	3.133	1.907e-03	1.000e+00	-0.000	0.397	-0.066	3.491	6.938e-04	4.350e-01	0.362	6.624
NKX3-1	0.286	-0.045	3.037	2.700e-03	1.000e+00	-0.000	0.363	-0.077	3.525	5.894e-04	3.696e-01	0.432	6.562
ELF1	0.381	0.027	3.831	1.677e-04	1.052e-01	0.978	0.327	0.007	2.703	7.935e-03	1.000e+00	-0.000	6.534
EP300	0.175	-0.154	2.723	6.929e-03	1.000e+00	-0.000	0.309	-0.317	3.803	2.254e-04	1.413e-01	0.850	6.526
KDM4C	0.237	-0.003	2.288	2.294e-02	1.000e+00	-0.000	0.516	0.015	4.238	4.225e-05	2.649e-02	1.577	6.526
NCOA4	0.462	0.194	3.185	1.640e-03	1.000e+00	-0.000	0.456	0.082	3.324	1.144e-03	7.174e-01	0.144	6.509
NCOA3	0.193	0.037	1.457	1.464e-01	1.000e+00	-0.000	0.457	-0.018	5.033	1.372e-06	8.602e-04	3.065	6.490
ETV3	0.128	-0.052	2.104	3.647e-02	1.000e+00	-0.000	0.489	0.061	4.379	2.510e-05	1.574e-02	1.803	6.483
USF2	0.193	-0.074	3.288	1.166e-03	7.311e-01	0.136	0.366	0.105	3.184	1.791e-03	1.000e+00	-0.000	6.472
FOS	0.320	-0.021	3.734	2.380e-04	1.492e-01	0.826	0.404	0.093	2.668	8.712e-03	1.000e+00	-0.000	6.402
MSX2	0.270	-0.068	3.659	3.136e-04	1.966e-01	0.706	0.283	0.050	2.742	6.930e-03	1.000e+00	-0.000	6.401
TFAP2A	0.313	-0.143	5.592	6.768e-08	4.243e-05	4.372	0.001	-0.062	0.789	4.310e-01	1.000e+00	-0.000	6.381
HDAC9	0.052	-0.191	2.710	7.158e-03	1.000e+00	-0.000	0.303	-0.086	3.634	4.051e-04	2.540e-01	0.595	6.344
REST	0.347	0.118	2.748	6.470e-03	1.000e+00	-0.000	0.277	-0.031	3.485	6.828e-04	4.281e-01	0.368	6.233
IRF7	0.463	0.081	4.688	4.791e-06	3.004e-03	2.522	0.099	-0.039	1.539	1.266e-01	1.000e+00	-0.000	6.227
TWIST2	0.743	0.181	4.686	4.599e-06	2.884e-03	2.540	0.117	-0.101	1.464	1.455e-01	1.000e+00	-0.000	6.150
MXI1	-0.166	-0.255	0.787	4.325e-01	1.000e+00	-0.000	1.013	0.212	5.256	9.327e-07	5.848e-04	3.233	6.043
ENO1	-0.166	-0.255	0.787	4.325e-01	1.000e+00	-0.000	1.013	0.212	5.256	9.327e-07	5.848e-04	3.233	6.043
PTMA	0.376	-0.059	3.420	7.312e-04	4.585e-01	0.339	0.403	-0.036	2.614	1.004e-02	1.000e+00	-0.000	6.034
TCF3	0.741	0.438	3.903	1.237e-04	7.755e-02	1.110	0.358	0.181	2.126	3.547e-02	1.000e+00	-0.000	6.029
NCOA1	0.761	0.475	2.968	3.338e-03	1.000e+00	-0.000	0.433	0.146	3.016	3.149e-03	1.000e+00	-0.000	5.984
KLF14	0.569	0.246	2.554	1.130e-02	1.000e+00	-0.000	0.627	0.098	3.420	8.466e-04	5.308e-01	0.275	5.974
GCM1	0.245	0.157	1.320	1.881e-01	1.000e+00	-0.000	0.449	0.085	4.621	9.043e-06	5.670e-03	2.246	5.941
SRCAP	0.366	0.110	2.919	3.828e-03	1.000e+00	-0.000	0.341	0.021	2.933	3.987e-03	1.000e+00	-0.000	5.852
MAF	0.192	-0.068	2.814	5.251e-03	1.000e+00	-0.000	0.197	-0.147	2.951	3.796e-03	1.000e+00	-0.000	5.765
TBP	0.322	-0.081	5.417	1.531e-07	9.597e-05	4.018	0.081	0.050	0.346	7.296e-01	1.000e+00	-0.000	5.763
TOP2B	0.061	-0.110	4.516	9.251e-06	5.800e-03	2.237	0.146	0.093	1.162	2.475e-01	1.000e+00	-0.000	5.678
KDM2A	0.583	0.295	2.162	3.163e-02	1.000e+00	-0.000	1.075	0.545	3.481	6.779e-04	4.250e-01	0.372	5.643
PPARGC1A	0.310	-0.189	4.468	1.152e-05	7.226e-03	2.141	0.071	-0.101	1.165	2.463e-01	1.000e+00	-0.000	5.633
HOXA9	0.192	-0.014	2.666	8.210e-03	1.000e+00	-0.000	0.175	-0.035	2.845	5.190e-03	1.000e+00	-0.000	5.511
REL	0.728	0.345	3.207	1.546e-03	9.695e-01	0.013	0.217	-0.044	2.203	2.919e-02	1.000e+00	-0.000	5.410
TAF1	0.849	0.597	2.324	2.112e-02	1.000e+00	-0.000	0.492	0.152	3.061	2.750e-03	1.000e+00	-0.000	5.385
SP4	0.542	0.191	4.343	2.058e-05	1.290e-02	1.889	0.237	0.126	1.041	3.004e-01	1.000e+00	-0.000	5.384
FOXO4	0.559	0.364	1.721	8.643e-02	1.000e+00	-0.000	0.961	0.450	3.660	3.783e-04	2.372e-01	0.625	5.381
ABL1	0.782	0.286	5.463	1.276e-07	8.000e-05	4.097	-0.059	-0.052	-0.088	9.300e-01	1.000e+00	-0.000	5.375
TCFL5	0.396	0.074	3.291	1.140e-03	7.147e-01	0.146	0.230	-0.018	2.083	3.946e-02	1.000e+00	-0.000	5.374
GLI2	0.039	-0.200	2.585	1.032e-02	1.000e+00	-0.000	0.241	-0.121	2.783	6.291e-03	1.000e+00	-0.000	5.368
UHRF1	0.453	0.115	3.543	4.870e-04	3.053e-01	0.515	0.205	0.034	1.782	7.726e-02	1.000e+00	-0.000	5.325
KLF3	0.423	0.166	2.490	1.341e-02	1.000e+00	-0.000	0.087	-0.230	2.798	5.909e-03	1.000e+00	-0.000	5.288
DR1	0.390	0.025	4.710	4.124e-06	2.586e-03	2.587	-0.165	-0.216	0.520	6.039e-01	1.000e+00	-0.000	5.230
ING2	0.281	-0.063	4.239	3.013e-05	1.889e-02	1.724	0.124	0.029	0.947	3.456e-01	1.000e+00	-0.000	5.186
VDR	0.660	0.301	3.988	9.335e-05	5.853e-02	1.233	0.354	0.225	1.190	2.365e-01	1.000e+00	-0.000	5.178
DBP	0.121	-0.105	2.842	4.834e-03	1.000e+00	-0.000	0.294	0.087	2.305	2.281e-02	1.000e+00	-0.000	5.147
NR1I3	0.115	-0.028	3.047	2.539e-03	1.000e+00	-0.000	0.314	0.187	2.090	3.872e-02	1.000e+00	-0.000	5.137
MEF2A	0.161	-0.009	2.023	4.430e-02	1.000e+00	-0.000	0.322	0.055	3.076	2.553e-03	1.000e+00	-0.000	5.099
ETS2	0.008	-0.174	1.818	7.024e-02	1.000e+00	-0.000	0.297	-0.127	3.264	1.426e-03	8.942e-01	0.049	5.082
GATA3	0.236	0.007	2.608	9.573e-03	1.000e+00	-0.000	0.180	-0.140	2.467	1.507e-02	1.000e+00	-0.000	5.075
ATF2	0.250	-0.103	3.323	1.026e-03	6.434e-01	0.192	0.003	-0.230	1.723	8.757e-02	1.000e+00	-0.000	5.046
NR5A1	0.298	0.108	1.971	5.001e-02	1.000e+00	-0.000	0.348	0.032	2.966	3.615e-03	1.000e+00	-0.000	4.937
SRSF1	0.085	-0.030	1.437	1.519e-01	1.000e+00	-0.000	0.316	-0.019	3.471	7.131e-04	4.471e-01	0.350	4.908
CREB5	0.288	0.176	1.339	1.818e-01	1.000e+00	-0.000	0.571	0.182	3.564	5.098e-04	3.197e-01	0.495	4.903
GZF1	0.081	-0.138	2.426	1.598e-02	1.000e+00	-0.000	0.100	-0.225	2.451	1.583e-02	1.000e+00	-0.000	4.877
HOXA11	0.081	-0.138	2.426	1.598e-02	1.000e+00	-0.000	0.100	-0.225	2.451	1.583e-02	1.000e+00	-0.000	4.877
TEF	0.109	-0.173	2.030	4.335e-02	1.000e+00	-0.000	0.266	-0.228	2.731	7.214e-03	1.000e+00	-0.000	4.761
SLC2A4RG	-0.036	-0.022	-0.593	5.535e-01	1.000e+00	-0.000	0.216	0.035	5.342	4.168e-07	2.614e-04	3.583	4.749
PKNOX1	0.035	0.061	-0.407	6.847e-01	1.000e+00	-0.000	0.646	0.203	5.145	1.138e-06	7.138e-04	3.146	4.738
HDAC1	0.006	-0.009	0.149	8.819e-01	1.000e+00	-0.000	0.353	-0.155	4.561	1.222e-05	7.665e-03	2.116	4.710
NR3C1	0.448	0.286	1.958	5.126e-02	1.000e+00	-0.000	0.356	0.065	2.704	7.850e-03	1.000e+00	-0.000	4.662
LEF1	0.387	0.140	2.844	4.782e-03	1.000e+00	-0.000	0.284	0.083	1.812	7.234e-02	1.000e+00	-0.000	4.656
CREBBP	0.426	0.263	1.925	5.547e-02	1.000e+00	-0.000	0.354	0.097	2.678	8.469e-03	1.000e+00	-0.000	4.603
IFI16	-0.174	-0.151	-0.196	8.447e-01	1.000e+00	-0.000	0.590	-0.006	4.795	5.349e-06	3.354e-03	2.474	4.599
RBMX	0.211	0.132	0.663	5.080e-01	1.000e+00	-0.000	0.746	0.065	3.920	1.582e-04	9.918e-02	1.004	4.583
TEAD1	0.330	0.013	3.219	1.461e-03	9.158e-01	0.038	0.107	-0.045	1.303	1.951e-01	1.000e+00	-0.000	4.522
NFATC1	0.091	-0.026	2.366	1.889e-02	1.000e+00	-0.000	0.137	0.013	2.143	3.379e-02	1.000e+00	-0.000	4.509
NUPR1	0.557	0.384	1.705	8.958e-02	1.000e+00	-0.000	0.337	0.054	2.761	6.547e-03	1.000e+00	-0.000	4.466
PDX1	0.053	-0.036	1.523	1.289e-01	1.000e+00	-0.000	0.186	-0.035	2.906	4.319e-03	1.000e+00	-0.000	4.429
AES	0.508	0.157	3.601	3.723e-04	2.335e-01	0.632	0.058	-0.032	0.764	4.460e-01	1.000e+00	-0.000	4.365
ZNF224	-0.047	-0.153	1.084	2.796e-01	1.000e+00	-0.000	0.569	0.180	3.222	1.598e-03	1.000e+00	-0.000	4.306
ATF6	0.170	0.058	1.915	5.654e-02	1.000e+00	-0.000	0.270	0.111	2.368	1.929e-02	1.000e+00	-0.000	4.283
FOXF1	0.107	0.115	-0.253	8.005e-01	1.000e+00	-0.000	0.193	0.003	4.428	1.986e-05	1.245e-02	1.905	4.175
FOXA2	0.184	0.095	0.940	3.484e-01	1.000e+00	-0.000	0.177	-0.137	3.197	1.735e-03	1.000e+00	-0.000	4.137
TRIM28	0.196	0.130	1.197	2.323e-01	1.000e+00	-0.000	0.316	0.113	2.847	5.203e-03	1.000e+00	-0.000	4.044
HDGF	0.009	-0.016	0.287	7.741e-01	1.000e+00	-0.000	0.472	0.050	3.745	2.744e-04	1.721e-01	0.764	4.032
NFATC2	0.391	0.203	3.245	1.338e-03	8.390e-01	0.076	0.151	0.107	0.754	4.518e-01	1.000e+00	-0.000	3.999
DLX3	0.185	-0.207	3.514	5.207e-04	3.265e-01	0.486	-0.194	-0.246	0.428	6.692e-01	1.000e+00	-0.000	3.942
PCBD1	0.435	-0.082	4.597	6.457e-06	4.048e-03	2.393	-0.215	-0.113	-0.656	5.130e-01	1.000e+00	-0.000	3.941
LHX4	0.052	0.042	0.268	7.890e-01	1.000e+00	-0.000	0.155	-0.021	3.657	3.773e-04	2.366e-01	0.626	3.925
EBF3	0.913	0.679	1.868	6.305e-02	1.000e+00	-0.000	0.392	0.121	2.039	4.384e-02	1.000e+00	-0.000	3.907
STAT6	0.287	-0.132	4.282	2.867e-05	1.798e-02	1.745	-0.287	-0.241	-0.390	6.976e-01	1.000e+00	-0.000	3.892
PML	0.068	0.205	-1.465	1.444e-01	1.000e+00	-0.000	0.564	0.144	5.331	3.433e-07	2.152e-04	3.667	3.866
HBP1	-0.204	-0.385	1.949	5.266e-02	1.000e+00	-0.000	0.166	-0.012	1.898	6.023e-02	1.000e+00	-0.000	3.847
NFYA	0.297	0.200	1.085	2.792e-01	1.000e+00	-0.000	0.486	0.184	2.729	7.418e-03	1.000e+00	-0.000	3.814
TFCP2	0.241	-0.170	3.445	6.894e-04	4.322e-01	0.364	-0.045	-0.099	0.365	7.160e-01	1.000e+00	-0.000	3.810
RUNX3	0.188	0.275	-0.758	4.491e-01	1.000e+00	-0.000	0.536	0.050	4.500	1.632e-05	1.023e-02	1.990	3.742
XPC	0.157	0.134	0.363	7.172e-01	1.000e+00	-0.000	0.232	-0.000	3.368	9.850e-04	6.176e-01	0.209	3.731
COPS5	-0.099	-0.346	2.011	4.550e-02	1.000e+00	-0.000	0.067	-0.184	1.711	8.975e-02	1.000e+00	-0.000	3.722
BACH1	0.045	-0.094	1.653	9.975e-02	1.000e+00	-0.000	0.067	-0.089	2.001	4.738e-02	1.000e+00	-0.000	3.654
ONECUT2	0.485	0.193	3.217	1.454e-03	9.114e-01	0.040	0.172	0.130	0.419	6.756e-01	1.000e+00	-0.000	3.636
KAT2B	0.725	0.466	3.019	2.841e-03	1.000e+00	-0.000	0.101	0.056	0.566	5.724e-01	1.000e+00	-0.000	3.585
HSF2	0.005	-0.042	1.018	3.094e-01	1.000e+00	-0.000	0.185	0.048	2.556	1.161e-02	1.000e+00	-0.000	3.574
PITX3	0.206	0.039	2.861	4.651e-03	1.000e+00	-0.000	0.150	0.104	0.691	4.906e-01	1.000e+00	-0.000	3.552
NCOR2	0.258	0.155	1.282	2.014e-01	1.000e+00	-0.000	0.274	0.091	2.154	3.285e-02	1.000e+00	-0.000	3.436
KDM4B	0.258	0.155	1.282	2.014e-01	1.000e+00	-0.000	0.274	0.091	2.154	3.285e-02	1.000e+00	-0.000	3.436
HMGB2	0.182	0.035	2.182	3.000e-02	1.000e+00	-0.000	0.003	-0.087	1.221	2.243e-01	1.000e+00	-0.000	3.403
CRTC1	0.291	0.085	2.420	1.627e-02	1.000e+00	-0.000	0.283	0.191	0.969	3.344e-01	1.000e+00	-0.000	3.389
ZBTB7A	-0.224	-0.217	-0.065	9.484e-01	1.000e+00	-0.000	0.538	0.039	3.447	7.710e-04	4.834e-01	0.316	3.382
DDIT3	-0.012	-0.024	0.190	8.497e-01	1.000e+00	-0.000	0.341	0.090	3.184	1.831e-03	1.000e+00	-0.000	3.374
FUS	0.335	0.101	3.000	3.028e-03	1.000e+00	-0.000	0.102	0.074	0.359	7.202e-01	1.000e+00	-0.000	3.359
HNF1A	0.280	-0.030	2.426	1.614e-02	1.000e+00	-0.000	0.051	-0.072	0.874	3.839e-01	1.000e+00	-0.000	3.300
TFAP2C	0.177	-0.162	2.745	6.550e-03	1.000e+00	-0.000	0.068	0.004	0.543	5.880e-01	1.000e+00	-0.000	3.288
NR1D1	0.144	-0.023	2.218	2.750e-02	1.000e+00	-0.000	0.062	-0.016	1.026	3.070e-01	1.000e+00	-0.000	3.244
ZIC1	0.297	0.094	2.434	1.572e-02	1.000e+00	-0.000	0.293	0.213	0.809	4.201e-01	1.000e+00	-0.000	3.243
NELFB	-0.187	-0.401	1.520	1.297e-01	1.000e+00	-0.000	0.235	-0.079	1.720	8.783e-02	1.000e+00	-0.000	3.240
LHX3	0.136	0.137	-0.019	9.845e-01	1.000e+00	-0.000	0.199	0.039	3.232	1.515e-03	9.501e-01	0.022	3.213
LDB1	0.149	0.047	2.039	4.247e-02	1.000e+00	-0.000	0.133	0.078	1.125	2.627e-01	1.000e+00	-0.000	3.164
ID3	0.149	0.047	2.039	4.247e-02	1.000e+00	-0.000	0.133	0.078	1.125	2.627e-01	1.000e+00	-0.000	3.164
DNMT1	0.062	-0.046	1.323	1.870e-01	1.000e+00	-0.000	0.204	0.002	1.820	7.097e-02	1.000e+00	-0.000	3.143
PLAGL2	0.302	0.151	1.682	9.362e-02	1.000e+00	-0.000	0.155	0.028	1.422	1.571e-01	1.000e+00	-0.000	3.104
ERCC2	0.890	0.415	5.021	9.343e-07	5.858e-04	3.232	-0.115	0.059	-1.933	5.526e-02	1.000e+00	-0.000	3.088
TTF2	0.091	0.137	-0.608	5.438e-01	1.000e+00	-0.000	0.416	0.072	3.665	3.566e-04	2.236e-01	0.650	3.057
BTG2	-0.013	-0.015	0.024	9.809e-01	1.000e+00	-0.000	0.172	-0.087	2.965	3.497e-03	1.000e+00	-0.000	2.989
EPAS1	-0.008	-0.151	1.330	1.847e-01	1.000e+00	-0.000	-0.182	-0.375	1.593	1.138e-01	1.000e+00	-0.000	2.923
CUX1	0.117	0.026	0.858	3.920e-01	1.000e+00	-0.000	0.184	-0.054	2.063	4.077e-02	1.000e+00	-0.000	2.921
PAX5	0.506	0.303	2.411	1.660e-02	1.000e+00	-0.000	0.057	0.015	0.468	6.403e-01	1.000e+00	-0.000	2.879
BCL3	0.076	0.018	0.888	3.754e-01	1.000e+00	-0.000	0.069	-0.079	1.920	5.719e-02	1.000e+00	-0.000	2.808
SIN3A	0.110	-0.014	1.698	9.082e-02	1.000e+00	-0.000	0.121	0.036	1.066	2.883e-01	1.000e+00	-0.000	2.764
CEBPB	0.179	0.075	0.997	3.201e-01	1.000e+00	-0.000	0.139	-0.035	1.762	8.025e-02	1.000e+00	-0.000	2.759
SUPT3H	-0.221	-0.232	0.117	9.068e-01	1.000e+00	-0.000	0.338	0.099	2.637	9.309e-03	1.000e+00	-0.000	2.754
HOXA5	0.428	0.238	2.513	1.254e-02	1.000e+00	-0.000	0.047	0.025	0.233	8.163e-01	1.000e+00	-0.000	2.746
EN1	-0.085	-0.089	0.050	9.602e-01	1.000e+00	-0.000	0.239	0.026	2.675	8.439e-03	1.000e+00	-0.000	2.725
GATA4	-0.072	-0.068	-0.056	9.551e-01	1.000e+00	-0.000	0.183	-0.070	2.747	6.997e-03	1.000e+00	-0.000	2.691
MTA3	0.260	0.042	3.899	1.244e-04	7.802e-02	1.108	-0.061	0.011	-1.222	2.238e-01	1.000e+00	-0.000	2.677
NFYC	0.281	0.141	1.689	9.238e-02	1.000e+00	-0.000	0.068	-0.021	0.983	3.275e-01	1.000e+00	-0.000	2.672
ETV5	0.079	-0.022	1.258	2.096e-01	1.000e+00	-0.000	0.096	0.001	1.381	1.693e-01	1.000e+00	-0.000	2.639
RARG	0.079	-0.022	1.258	2.096e-01	1.000e+00	-0.000	0.096	0.001	1.381	1.693e-01	1.000e+00	-0.000	2.639
ID1	0.261	0.037	3.147	1.848e-03	1.000e+00	-0.000	-0.078	-0.035	-0.539	5.906e-01	1.000e+00	-0.000	2.608
TP63	0.160	0.200	-0.414	6.792e-01	1.000e+00	-0.000	0.420	0.024	3.017	3.116e-03	1.000e+00	-0.000	2.603
SOX2	-0.004	0.024	-0.306	7.599e-01	1.000e+00	-0.000	0.324	0.066	2.872	4.775e-03	1.000e+00	-0.000	2.566
ZNF175	0.152	-0.081	3.521	5.129e-04	3.216e-01	0.493	-0.133	-0.059	-0.978	3.302e-01	1.000e+00	-0.000	2.543
BTF3	-0.063	-0.004	-0.919	3.590e-01	1.000e+00	-0.000	0.237	-0.003	3.460	6.787e-04	4.255e-01	0.371	2.541
PHOX2B	0.191	-0.038	2.770	6.078e-03	1.000e+00	-0.000	-0.044	-0.025	-0.234	8.157e-01	1.000e+00	-0.000	2.536
POU1F1	0.108	0.235	-1.645	1.012e-01	1.000e+00	-0.000	0.401	-0.058	4.144	6.318e-05	3.961e-02	1.402	2.499
STAT3	0.279	0.178	1.039	2.997e-01	1.000e+00	-0.000	0.022	-0.114	1.444	1.510e-01	1.000e+00	-0.000	2.483
KLF8	0.351	-0.169	3.570	4.335e-04	2.718e-01	0.566	-0.259	-0.123	-1.105	2.712e-01	1.000e+00	-0.000	2.465
PROX1	0.154	0.114	0.501	6.167e-01	1.000e+00	-0.000	0.287	0.060	1.940	5.465e-02	1.000e+00	-0.000	2.441
WWTR1	-0.032	-0.066	0.350	7.266e-01	1.000e+00	-0.000	0.035	-0.207	2.078	3.997e-02	1.000e+00	-0.000	2.428
BACH2	0.233	-0.028	2.164	3.158e-02	1.000e+00	-0.000	-0.017	-0.049	0.254	7.997e-01	1.000e+00	-0.000	2.418
HNF4G	-0.054	-0.128	0.878	3.811e-01	1.000e+00	-0.000	0.123	-0.022	1.505	1.348e-01	1.000e+00	-0.000	2.383
KHDRBS1	-0.107	-0.023	-1.151	2.510e-01	1.000e+00	-0.000	0.209	-0.027	3.521	5.634e-04	3.532e-01	0.452	2.370
SMARCA1	0.040	-0.174	2.731	6.651e-03	1.000e+00	-0.000	-0.429	-0.377	-0.481	6.311e-01	1.000e+00	-0.000	2.250
SMARCB1	0.040	-0.174	2.731	6.651e-03	1.000e+00	-0.000	-0.429	-0.377	-0.481	6.311e-01	1.000e+00	-0.000	2.250
TRPS1	-0.005	-0.032	1.251	2.122e-01	1.000e+00	-0.000	0.035	0.009	0.999	3.199e-01	1.000e+00	-0.000	2.250
NCOA6	0.265	-0.036	3.591	3.998e-04	2.507e-01	0.601	-0.283	-0.118	-1.350	1.795e-01	1.000e+00	-0.000	2.241
CTNNB1	0.222	0.177	0.573	5.672e-01	1.000e+00	-0.000	0.202	0.025	1.662	9.940e-02	1.000e+00	-0.000	2.235
ELK3	-0.026	-0.130	1.798	7.338e-02	1.000e+00	-0.000	0.052	0.028	0.399	6.904e-01	1.000e+00	-0.000	2.197
HR	0.080	0.056	0.255	7.990e-01	1.000e+00	-0.000	0.083	-0.121	1.929	5.567e-02	1.000e+00	-0.000	2.184
PPARG	0.153	0.225	-0.668	5.048e-01	1.000e+00	-0.000	0.503	0.205	2.847	5.195e-03	1.000e+00	-0.000	2.179
MKL1	0.239	-0.296	3.875	1.440e-04	9.027e-02	1.044	-0.495	-0.291	-1.710	8.951e-02	1.000e+00	-0.000	2.165
KLF11	-0.121	-0.060	-1.064	2.881e-01	1.000e+00	-0.000	0.205	-0.006	3.184	1.807e-03	1.000e+00	-0.000	2.120
TFPT	0.136	0.056	0.806	4.213e-01	1.000e+00	-0.000	0.243	0.095	1.294	1.979e-01	1.000e+00	-0.000	2.100
DUX4	-0.301	-0.204	-0.887	3.762e-01	1.000e+00	-0.000	0.218	-0.194	2.957	3.736e-03	1.000e+00	-0.000	2.070
NFYB	0.131	0.062	0.918	3.595e-01	1.000e+00	-0.000	0.034	-0.074	1.151	2.522e-01	1.000e+00	-0.000	2.069
HHEX	0.102	0.070	0.939	3.485e-01	1.000e+00	-0.000	0.171	0.123	1.124	2.632e-01	1.000e+00	-0.000	2.063
NR3C2	-0.137	-0.154	0.193	8.471e-01	1.000e+00	-0.000	0.048	-0.126	1.847	6.727e-02	1.000e+00	-0.000	2.040
ELK4	0.341	0.032	3.112	2.090e-03	1.000e+00	-0.000	-0.110	0.046	-1.073	2.853e-01	1.000e+00	-0.000	2.039
THRA	0.097	0.187	-1.083	2.800e-01	1.000e+00	-0.000	0.281	-0.007	3.088	2.442e-03	1.000e+00	-0.000	2.005
HDAC2	0.275	0.098	2.048	4.165e-02	1.000e+00	-0.000	0.043	0.047	-0.051	9.596e-01	1.000e+00	-0.000	1.997
NFIB	0.617	0.486	1.199	2.318e-01	1.000e+00	-0.000	0.197	0.122	0.741	4.603e-01	1.000e+00	-0.000	1.940
USF1	-0.058	-0.112	0.803	4.228e-01	1.000e+00	-0.000	0.188	0.096	1.109	2.698e-01	1.000e+00	-0.000	1.912
PA2G4	0.084	-0.035	1.388	1.665e-01	1.000e+00	-0.000	0.169	0.093	0.496	6.209e-01	1.000e+00	-0.000	1.884
CEBPG	0.088	-0.001	0.831	4.068e-01	1.000e+00	-0.000	0.292	0.188	1.016	3.109e-01	1.000e+00	-0.000	1.847
SETBP1	-0.069	-0.005	-0.685	4.942e-01	1.000e+00	-0.000	0.944	0.606	2.519	1.318e-02	1.000e+00	-0.000	1.834
RXRA	-0.112	-0.165	0.578	5.637e-01	1.000e+00	-0.000	0.041	-0.087	1.170	2.442e-01	1.000e+00	-0.000	1.748
ARNT	-0.103	0.009	-1.259	2.092e-01	1.000e+00	-0.000	0.426	0.135	3.002	3.225e-03	1.000e+00	-0.000	1.743
ETV4	-0.273	-0.158	-1.118	2.649e-01	1.000e+00	-0.000	-0.005	-0.281	2.774	6.190e-03	1.000e+00	-0.000	1.656
CREB3	0.022	-0.178	1.309	1.917e-01	1.000e+00	-0.000	0.006	-0.037	0.298	7.663e-01	1.000e+00	-0.000	1.607
VHL	0.151	0.220	-0.600	5.487e-01	1.000e+00	-0.000	0.401	0.143	2.150	3.339e-02	1.000e+00	-0.000	1.550
TFAP2B	0.271	-0.133	2.987	3.134e-03	1.000e+00	-0.000	-0.202	0.035	-1.452	1.489e-01	1.000e+00	-0.000	1.535
RARB	-0.023	-0.032	0.252	8.013e-01	1.000e+00	-0.000	0.079	0.030	1.266	2.078e-01	1.000e+00	-0.000	1.518
GATA2	0.228	0.009	2.719	7.082e-03	1.000e+00	-0.000	-0.212	-0.092	-1.203	2.315e-01	1.000e+00	-0.000	1.516
PAX3	-0.013	-0.088	0.902	3.677e-01	1.000e+00	-0.000	0.081	0.036	0.509	6.119e-01	1.000e+00	-0.000	1.411
ETS1	-0.167	-0.256	0.863	3.890e-01	1.000e+00	-0.000	-0.078	-0.148	0.528	5.984e-01	1.000e+00	-0.000	1.391
ATF1	0.074	0.068	0.060	9.520e-01	1.000e+00	-0.000	0.215	0.095	1.314	1.909e-01	1.000e+00	-0.000	1.374
NKX2-1	0.034	-0.066	1.266	2.066e-01	1.000e+00	-0.000	0.071	0.069	0.020	9.845e-01	1.000e+00	-0.000	1.286
SRY	-0.028	-0.010	-0.188	8.509e-01	1.000e+00	-0.000	0.140	-0.041	1.470	1.444e-01	1.000e+00	-0.000	1.282
SIM2	-0.111	-0.095	-0.280	7.800e-01	1.000e+00	-0.000	0.125	0.017	1.458	1.468e-01	1.000e+00	-0.000	1.178
ERF	-0.224	-0.197	-0.298	7.658e-01	1.000e+00	-0.000	0.170	0.033	1.460	1.466e-01	1.000e+00	-0.000	1.162
PLAG1	-0.245	-0.255	0.106	9.158e-01	1.000e+00	-0.000	0.066	-0.039	1.052	2.945e-01	1.000e+00	-0.000	1.158
POU5F1	-0.280	-0.215	-0.616	5.383e-01	1.000e+00	-0.000	0.029	-0.177	1.762	8.007e-02	1.000e+00	-0.000	1.146
HAX1	-0.165	-0.177	0.208	8.357e-01	1.000e+00	-0.000	0.027	-0.035	0.898	3.709e-01	1.000e+00	-0.000	1.106
MED23	-0.131	-0.014	-2.800	5.428e-03	1.000e+00	-0.000	0.138	-0.047	3.894	1.516e-04	9.503e-02	1.022	1.094
CREB3L1	-0.176	-0.115	-0.581	5.618e-01	1.000e+00	-0.000	0.211	0.032	1.653	1.005e-01	1.000e+00	-0.000	1.072
RELA	-0.134	-0.124	-0.095	9.246e-01	1.000e+00	-0.000	-0.159	-0.291	1.151	2.518e-01	1.000e+00	-0.000	1.056
CLOCK	0.171	0.080	0.977	3.297e-01	1.000e+00	-0.000	0.077	0.070	0.069	9.452e-01	1.000e+00	-0.000	1.046
CHD4	0.221	0.239	-0.190	8.493e-01	1.000e+00	-0.000	0.219	0.081	1.200	2.326e-01	1.000e+00	-0.000	1.010
NFATC3	0.567	0.473	0.702	4.831e-01	1.000e+00	-0.000	0.286	0.237	0.305	7.609e-01	1.000e+00	-0.000	1.007
YEATS4	-0.408	-0.042	-3.860	1.491e-04	9.346e-02	1.029	0.460	-0.015	4.862	3.709e-06	2.325e-03	2.633	1.002
PAX2	-0.408	-0.042	-3.860	1.491e-04	9.346e-02	1.029	0.460	-0.015	4.862	3.709e-06	2.325e-03	2.633	1.002
RUVBL1	-0.408	-0.042	-3.860	1.491e-04	9.346e-02	1.029	0.460	-0.015	4.862	3.709e-06	2.325e-03	2.633	1.002
ING1	0.642	0.406	2.349	1.968e-02	1.000e+00	-0.000	-0.023	0.107	-1.365	1.746e-01	1.000e+00	-0.000	0.984
TBPL1	-0.023	-0.073	1.312	1.907e-01	1.000e+00	-0.000	-0.084	-0.067	-0.418	6.766e-01	1.000e+00	-0.000	0.894
MAZ	0.012	-0.090	1.028	3.053e-01	1.000e+00	-0.000	-0.107	-0.092	-0.171	8.646e-01	1.000e+00	-0.000	0.857
ZFHX3	0.547	0.430	1.189	2.355e-01	1.000e+00	-0.000	0.061	0.101	-0.354	7.239e-01	1.000e+00	-0.000	0.835
NFIX	-0.164	-0.357	1.417	1.577e-01	1.000e+00	-0.000	-0.145	-0.047	-0.656	5.128e-01	1.000e+00	-0.000	0.761
NAB2	0.015	0.053	-0.506	6.137e-01	1.000e+00	-0.000	0.402	0.293	1.261	2.099e-01	1.000e+00	-0.000	0.755
SIRT2	-0.350	-0.369	0.175	8.612e-01	1.000e+00	-0.000	-0.110	-0.171	0.523	6.022e-01	1.000e+00	-0.000	0.698
RARA	0.038	-0.041	0.880	3.796e-01	1.000e+00	-0.000	-0.199	-0.174	-0.201	8.411e-01	1.000e+00	-0.000	0.679
TWIST1	0.428	0.239	2.266	2.425e-02	1.000e+00	-0.000	-0.299	-0.103	-1.603	1.116e-01	1.000e+00	-0.000	0.663
FOXL1	0.026	-0.172	1.364	1.736e-01	1.000e+00	-0.000	-0.041	0.066	-0.760	4.487e-01	1.000e+00	-0.000	0.604
ONECUT1	-0.256	-0.182	-1.339	1.818e-01	1.000e+00	-0.000	0.135	0.016	1.942	5.418e-02	1.000e+00	-0.000	0.603
ANKRD1	0.143	0.009	2.996	2.986e-03	1.000e+00	-0.000	-0.121	0.005	-2.433	1.632e-02	1.000e+00	-0.000	0.563
TBX5	0.008	-0.075	1.364	1.738e-01	1.000e+00	-0.000	-0.151	-0.093	-0.854	3.947e-01	1.000e+00	-0.000	0.510
CEBPE	-0.115	-0.047	-0.636	5.253e-01	1.000e+00	-0.000	0.341	0.202	1.109	2.696e-01	1.000e+00	-0.000	0.473
HINFP	0.005	-0.014	0.553	5.807e-01	1.000e+00	-0.000	0.028	0.033	-0.126	8.997e-01	1.000e+00	-0.000	0.427
FOXO1	0.014	0.149	-1.541	1.245e-01	1.000e+00	-0.000	0.311	0.084	1.962	5.199e-02	1.000e+00	-0.000	0.421
PAX6	-0.093	-0.122	0.299	7.654e-01	1.000e+00	-0.000	-0.132	-0.136	0.040	9.683e-01	1.000e+00	-0.000	0.339
ERG	-0.196	-0.172	-0.307	7.588e-01	1.000e+00	-0.000	-0.093	-0.160	0.641	5.223e-01	1.000e+00	-0.000	0.334
ZBTB2	-0.536	-0.365	-1.962	5.083e-02	1.000e+00	-0.000	0.132	-0.079	2.282	2.413e-02	1.000e+00	-0.000	0.320
TAL1	-0.344	-0.117	-2.581	1.043e-02	1.000e+00	-0.000	0.324	0.044	2.791	6.096e-03	1.000e+00	-0.000	0.210
NFE2L1	0.125	0.217	-0.743	4.581e-01	1.000e+00	-0.000	0.159	0.020	0.940	3.488e-01	1.000e+00	-0.000	0.197
RB1CC1	-0.087	-0.157	1.461	1.454e-01	1.000e+00	-0.000	-0.153	-0.081	-1.298	1.970e-01	1.000e+00	-0.000	0.163
BARD1	-0.004	-0.080	1.297	1.959e-01	1.000e+00	-0.000	-0.108	-0.044	-1.163	2.469e-01	1.000e+00	-0.000	0.134
MAML1	0.142	-0.067	2.168	3.115e-02	1.000e+00	-0.000	-0.097	0.110	-2.061	4.124e-02	1.000e+00	-0.000	0.107
SPIB	0.037	-0.072	1.069	2.864e-01	1.000e+00	-0.000	-0.332	-0.220	-0.984	3.269e-01	1.000e+00	-0.000	0.085
HIF1A	-0.022	0.127	-1.406	1.611e-01	1.000e+00	-0.000	0.086	-0.082	1.479	1.420e-01	1.000e+00	-0.000	0.073
SP7	0.135	0.019	1.985	4.830e-02	1.000e+00	-0.000	-0.164	-0.048	-1.922	5.676e-02	1.000e+00	-0.000	0.063
HNF4A	-0.138	-0.287	1.797	7.359e-02	1.000e+00	-0.000	-0.257	-0.064	-1.738	8.474e-02	1.000e+00	-0.000	0.059
MTA1	-0.070	-0.170	1.363	1.740e-01	1.000e+00	-0.000	-0.198	-0.092	-1.306	1.937e-01	1.000e+00	-0.000	0.057
NFKB1	-0.116	-0.071	-0.413	6.797e-01	1.000e+00	-0.000	-0.209	-0.267	0.463	6.446e-01	1.000e+00	-0.000	0.050
IKBKB	-0.056	-0.018	-0.392	6.952e-01	1.000e+00	-0.000	-0.058	-0.103	0.416	6.777e-01	1.000e+00	-0.000	0.024
ESR2	0.635	0.559	0.726	4.682e-01	1.000e+00	-0.000	0.079	0.154	-0.730	4.668e-01	1.000e+00	-0.000	-0.004
OTX2	0.255	0.214	0.498	6.192e-01	1.000e+00	-0.000	0.205	0.251	-0.587	5.581e-01	1.000e+00	-0.000	-0.089
ATF7	0.115	0.004	1.666	9.710e-02	1.000e+00	-0.000	-0.237	-0.112	-1.821	7.084e-02	1.000e+00	-0.000	-0.155
HMGA1	-0.094	0.004	-1.206	2.292e-01	1.000e+00	-0.000	0.184	0.074	1.043	2.990e-01	1.000e+00	-0.000	-0.163
NANOG	0.091	0.119	-0.291	7.715e-01	1.000e+00	-0.000	0.101	0.090	0.127	8.993e-01	1.000e+00	-0.000	-0.164
SIRT1	-0.313	-0.189	-1.299	1.950e-01	1.000e+00	-0.000	0.033	-0.088	1.101	2.728e-01	1.000e+00	-0.000	-0.198
ZNF444	-0.139	-0.052	-1.289	1.988e-01	1.000e+00	-0.000	0.069	-0.005	1.074	2.849e-01	1.000e+00	-0.000	-0.215
PCGF2	0.092	0.033	0.975	3.305e-01	1.000e+00	-0.000	-0.045	0.033	-1.194	2.342e-01	1.000e+00	-0.000	-0.219
LYL1	-0.144	-0.065	-1.124	2.620e-01	1.000e+00	-0.000	0.049	-0.021	0.891	3.743e-01	1.000e+00	-0.000	-0.233
HOPX	-0.275	-0.157	-0.879	3.802e-01	1.000e+00	-0.000	-0.085	-0.177	0.629	5.308e-01	1.000e+00	-0.000	-0.250
HOXC9	0.033	0.037	-0.106	9.160e-01	1.000e+00	-0.000	0.050	0.055	-0.149	8.820e-01	1.000e+00	-0.000	-0.255
HOXC10	0.033	0.037	-0.106	9.160e-01	1.000e+00	-0.000	0.050	0.055	-0.149	8.820e-01	1.000e+00	-0.000	-0.255
YY1	0.178	0.177	0.016	9.873e-01	1.000e+00	-0.000	0.141	0.169	-0.344	7.312e-01	1.000e+00	-0.000	-0.328
DACH1	-0.091	0.013	-1.289	1.988e-01	1.000e+00	-0.000	0.130	0.021	0.955	3.414e-01	1.000e+00	-0.000	-0.334
LRRFIP1	-0.086	-0.138	0.790	4.304e-01	1.000e+00	-0.000	-0.013	0.065	-1.136	2.581e-01	1.000e+00	-0.000	-0.346
DLX5	0.055	0.090	-0.290	7.725e-01	1.000e+00	-0.000	-0.026	-0.012	-0.104	9.177e-01	1.000e+00	-0.000	-0.394
HOXA10	0.174	-0.034	2.823	5.173e-03	1.000e+00	-0.000	-0.446	-0.120	-3.264	1.467e-03	9.196e-01	0.036	-0.441
DAXX	0.003	0.053	-1.142	2.546e-01	1.000e+00	-0.000	0.112	0.087	0.533	5.951e-01	1.000e+00	-0.000	-0.609
NR1H4	-0.111	-0.170	0.752	4.528e-01	1.000e+00	-0.000	-0.321	-0.168	-1.375	1.719e-01	1.000e+00	-0.000	-0.623
TRRAP	-0.247	-0.205	-0.386	7.000e-01	1.000e+00	-0.000	-0.300	-0.269	-0.265	7.913e-01	1.000e+00	-0.000	-0.651
PHOX2A	-0.068	-0.081	0.205	8.374e-01	1.000e+00	-0.000	0.066	0.125	-0.861	3.909e-01	1.000e+00	-0.000	-0.656
MLLT3	-0.513	-0.442	-0.702	4.832e-01	1.000e+00	-0.000	-0.064	-0.056	-0.068	9.463e-01	1.000e+00	-0.000	-0.770
SOX9	0.014	0.007	0.117	9.069e-01	1.000e+00	-0.000	0.028	0.078	-0.895	3.723e-01	1.000e+00	-0.000	-0.778
ZNF148	0.307	-0.027	4.123	5.349e-05	3.354e-02	1.474	-0.744	-0.163	-4.959	2.335e-06	1.464e-03	2.834	-0.836
BCL11A	-0.029	-0.123	1.564	1.189e-01	1.000e+00	-0.000	-0.297	-0.131	-2.412	1.715e-02	1.000e+00	-0.000	-0.848
GBX2	0.200	0.313	-1.096	2.742e-01	1.000e+00	-0.000	0.183	0.154	0.247	8.054e-01	1.000e+00	-0.000	-0.849
ZMYND11	0.200	0.313	-1.096	2.742e-01	1.000e+00	-0.000	0.183	0.154	0.247	8.054e-01	1.000e+00	-0.000	-0.849
PIAS2	0.012	0.115	-1.050	2.949e-01	1.000e+00	-0.000	0.140	0.121	0.196	8.449e-01	1.000e+00	-0.000	-0.854
IRF5	-0.077	-0.011	-1.603	1.101e-01	1.000e+00	-0.000	0.051	0.017	0.748	4.559e-01	1.000e+00	-0.000	-0.855
LMO3	0.093	0.109	-0.270	7.870e-01	1.000e+00	-0.000	-0.136	-0.102	-0.611	5.421e-01	1.000e+00	-0.000	-0.881
HNF1B	-0.144	-0.149	0.057	9.549e-01	1.000e+00	-0.000	-0.153	-0.073	-0.953	3.422e-01	1.000e+00	-0.000	-0.896
ARNTL	-0.103	0.039	-1.330	1.847e-01	1.000e+00	-0.000	0.187	0.124	0.431	6.670e-01	1.000e+00	-0.000	-0.899
NPM1	-0.088	0.184	-3.636	3.326e-04	2.085e-01	0.681	0.206	-0.010	2.731	7.183e-03	1.000e+00	-0.000	-0.905
NCOR1	0.369	0.263	0.998	3.194e-01	1.000e+00	-0.000	0.151	0.389	-1.929	5.587e-02	1.000e+00	-0.000	-0.931
LHX2	-0.019	0.162	-2.756	6.242e-03	1.000e+00	-0.000	0.177	0.012	1.821	7.106e-02	1.000e+00	-0.000	-0.935
NF1	0.633	0.222	3.633	3.555e-04	2.229e-01	0.652	-0.602	0.032	-4.590	1.171e-05	7.341e-03	2.134	-0.957
BRD7	0.131	0.168	-0.464	6.428e-01	1.000e+00	-0.000	0.129	0.184	-0.522	6.024e-01	1.000e+00	-0.000	-0.986
ELL	-0.578	-0.481	-0.930	3.536e-01	1.000e+00	-0.000	-0.087	-0.077	-0.087	9.307e-01	1.000e+00	-0.000	-1.017
MBD1	-0.271	-0.135	-1.594	1.122e-01	1.000e+00	-0.000	0.108	0.055	0.548	5.849e-01	1.000e+00	-0.000	-1.046
NFKBIB	-0.251	-0.126	-2.687	7.669e-03	1.000e+00	-0.000	0.213	0.127	1.584	1.155e-01	1.000e+00	-0.000	-1.103
SKIL	0.092	0.138	-0.583	5.607e-01	1.000e+00	-0.000	-0.046	0.011	-0.601	5.488e-01	1.000e+00	-0.000	-1.184
PBX2	-0.070	-0.113	0.402	6.878e-01	1.000e+00	-0.000	-0.151	0.047	-1.639	1.036e-01	1.000e+00	-0.000	-1.237
NR2C2	0.084	0.077	0.154	8.779e-01	1.000e+00	-0.000	-0.035	0.039	-1.398	1.645e-01	1.000e+00	-0.000	-1.244
HDAC11	0.182	0.099	1.161	2.467e-01	1.000e+00	-0.000	-0.124	0.069	-2.409	1.733e-02	1.000e+00	-0.000	-1.248
TLX1	0.499	0.197	2.886	4.366e-03	1.000e+00	-0.000	-0.661	-0.183	-4.150	7.036e-05	4.412e-02	1.355	-1.264
KLF15	-0.175	-0.135	-0.692	4.899e-01	1.000e+00	-0.000	-0.030	0.007	-0.574	5.672e-01	1.000e+00	-0.000	-1.266
ELF3	-0.206	-0.079	-1.060	2.903e-01	1.000e+00	-0.000	-0.062	-0.034	-0.231	8.180e-01	1.000e+00	-0.000	-1.291
PAX8	-0.316	-0.163	-1.623	1.059e-01	1.000e+00	-0.000	0.014	-0.012	0.308	7.587e-01	1.000e+00	-0.000	-1.315
SKI	0.466	0.376	1.128	2.604e-01	1.000e+00	-0.000	-0.143	0.088	-2.488	1.431e-02	1.000e+00	-0.000	-1.360
RBPJ	-0.142	-0.053	-0.974	3.313e-01	1.000e+00	-0.000	-0.018	0.024	-0.430	6.682e-01	1.000e+00	-0.000	-1.404
SHOX	-0.087	-0.094	0.074	9.411e-01	1.000e+00	-0.000	-0.196	-0.046	-1.501	1.361e-01	1.000e+00	-0.000	-1.427
ZNRD1	-0.258	-0.205	-0.664	5.070e-01	1.000e+00	-0.000	-0.044	0.022	-0.823	4.119e-01	1.000e+00	-0.000	-1.487
NR0B2	-0.147	-0.125	-0.285	7.757e-01	1.000e+00	-0.000	-0.396	-0.256	-1.207	2.297e-01	1.000e+00	-0.000	-1.492
HOXA7	-0.396	-0.095	-2.998	3.015e-03	1.000e+00	-0.000	0.208	0.057	1.463	1.458e-01	1.000e+00	-0.000	-1.535
MEF2C	-0.159	-0.057	-2.508	1.280e-02	1.000e+00	-0.000	0.014	-0.026	0.910	3.647e-01	1.000e+00	-0.000	-1.598
FOSL1	0.044	0.092	-0.570	5.694e-01	1.000e+00	-0.000	-0.108	-0.008	-1.113	2.675e-01	1.000e+00	-0.000	-1.683
CRABP2	0.055	0.023	0.630	5.292e-01	1.000e+00	-0.000	-0.098	0.036	-2.338	2.099e-02	1.000e+00	-0.000	-1.708
ESRRG	-0.046	0.082	-1.959	5.122e-02	1.000e+00	-0.000	-0.003	-0.020	0.221	8.253e-01	1.000e+00	-0.000	-1.738
KLF13	-0.117	0.004	-1.800	7.321e-02	1.000e+00	-0.000	0.040	0.037	0.056	9.558e-01	1.000e+00	-0.000	-1.744
MBD2	0.185	-0.029	2.000	4.660e-02	1.000e+00	-0.000	-0.367	0.058	-3.866	1.779e-04	1.116e-01	0.953	-1.866
NR2F6	-0.184	-0.111	-1.608	1.091e-01	1.000e+00	-0.000	-0.066	-0.051	-0.281	7.790e-01	1.000e+00	-0.000	-1.889
HDAC5	-0.054	0.081	-1.766	7.855e-02	1.000e+00	-0.000	-0.063	-0.053	-0.132	8.949e-01	1.000e+00	-0.000	-1.898
TP73	0.304	0.583	-2.502	1.309e-02	1.000e+00	-0.000	0.179	0.112	0.593	5.545e-01	1.000e+00	-0.000	-1.909
GFI1	-0.009	0.129	-1.314	1.901e-01	1.000e+00	-0.000	-0.024	0.045	-0.651	5.161e-01	1.000e+00	-0.000	-1.965
SMAD7	0.091	0.078	0.129	8.977e-01	1.000e+00	-0.000	-0.145	0.143	-2.242	2.713e-02	1.000e+00	-0.000	-2.113
SOX17	-0.163	-0.081	-0.949	3.437e-01	1.000e+00	-0.000	-0.006	0.089	-1.175	2.422e-01	1.000e+00	-0.000	-2.124
HLF	-0.045	0.084	-2.949	3.496e-03	1.000e+00	-0.000	0.019	-0.015	0.747	4.565e-01	1.000e+00	-0.000	-2.202
NFAT5	-0.104	-0.048	-0.439	6.608e-01	1.000e+00	-0.000	-0.152	0.099	-1.881	6.239e-02	1.000e+00	-0.000	-2.320
LMX1B	-0.290	-0.064	-2.560	1.110e-02	1.000e+00	-0.000	-0.170	-0.185	0.178	8.592e-01	1.000e+00	-0.000	-2.382
IRF2	0.213	0.302	-0.938	3.494e-01	1.000e+00	-0.000	-0.165	-0.039	-1.471	1.435e-01	1.000e+00	-0.000	-2.409
TRIM16	0.085	-0.066	2.370	1.868e-02	1.000e+00	-0.000	-0.609	-0.111	-4.823	3.269e-06	2.050e-03	2.688	-2.453
STAT5B	-0.136	-0.106	-0.338	7.360e-01	1.000e+00	-0.000	-0.373	-0.158	-2.131	3.485e-02	1.000e+00	-0.000	-2.469
CTCFL	0.091	0.209	-1.204	2.297e-01	1.000e+00	-0.000	-0.133	0.016	-1.332	1.849e-01	1.000e+00	-0.000	-2.536
HAND2	-0.180	-0.061	-1.567	1.184e-01	1.000e+00	-0.000	-0.018	0.061	-0.973	3.326e-01	1.000e+00	-0.000	-2.540
MXD1	-0.269	-0.237	-0.834	4.053e-01	1.000e+00	-0.000	-0.159	-0.074	-1.771	7.901e-02	1.000e+00	-0.000	-2.605
HOXB1	-0.020	0.018	-0.330	7.417e-01	1.000e+00	-0.000	-0.166	0.162	-2.377	1.896e-02	1.000e+00	-0.000	-2.707
HOXB13	-0.020	0.018	-0.330	7.417e-01	1.000e+00	-0.000	-0.166	0.162	-2.377	1.896e-02	1.000e+00	-0.000	-2.707
ZIC2	-0.020	0.018	-0.330	7.417e-01	1.000e+00	-0.000	-0.166	0.162	-2.377	1.896e-02	1.000e+00	-0.000	-2.707
RFX5	-0.064	0.165	-1.613	1.082e-01	1.000e+00	-0.000	0.235	0.430	-1.118	2.658e-01	1.000e+00	-0.000	-2.731
JUN	-0.291	-0.042	-2.401	1.719e-02	1.000e+00	-0.000	-0.148	-0.108	-0.342	7.333e-01	1.000e+00	-0.000	-2.743
KLF9	-0.138	-0.158	0.226	8.217e-01	1.000e+00	-0.000	-0.260	0.010	-2.973	3.477e-03	1.000e+00	-0.000	-2.747
SMAD4	0.233	0.282	-0.494	6.215e-01	1.000e+00	-0.000	-0.246	0.033	-2.275	2.485e-02	1.000e+00	-0.000	-2.769
PPARD	-0.227	0.247	-3.973	9.183e-05	5.758e-02	1.240	0.286	0.138	1.185	2.381e-01	1.000e+00	-0.000	-2.788
FOXP2	-0.301	0.056	-3.279	1.205e-03	7.558e-01	0.122	0.077	0.025	0.478	6.335e-01	1.000e+00	-0.000	-2.801
ESRRA	0.054	0.248	-2.179	3.018e-02	1.000e+00	-0.000	0.086	0.173	-0.633	5.278e-01	1.000e+00	-0.000	-2.812
SRF	-0.054	-0.194	1.333	1.840e-01	1.000e+00	-0.000	-0.716	-0.148	-4.167	6.176e-05	3.873e-02	1.412	-2.834
AR	-0.104	0.063	-2.200	2.872e-02	1.000e+00	-0.000	-0.046	0.004	-0.660	5.104e-01	1.000e+00	-0.000	-2.860
AIP	-0.256	-0.231	-0.272	7.856e-01	1.000e+00	-0.000	-0.179	0.126	-2.615	1.000e-02	1.000e+00	-0.000	-2.887
ATM	-0.025	-0.033	0.120	9.046e-01	1.000e+00	-0.000	-0.111	0.175	-3.062	2.683e-03	1.000e+00	-0.000	-2.942
TAF4	-0.094	-0.008	-2.836	4.918e-03	1.000e+00	-0.000	-0.062	-0.058	-0.116	9.080e-01	1.000e+00	-0.000	-2.952
NR2F1	-0.128	0.169	-3.663	2.999e-04	1.881e-01	0.726	0.136	0.074	0.639	5.236e-01	1.000e+00	-0.000	-3.024
MYOG	-0.027	0.049	-1.823	6.973e-02	1.000e+00	-0.000	-0.041	0.014	-1.297	1.971e-01	1.000e+00	-0.000	-3.120
DDB2	-0.282	-0.271	-0.149	8.816e-01	1.000e+00	-0.000	-0.350	-0.091	-3.018	3.063e-03	1.000e+00	-0.000	-3.167
TGIF1	-0.019	0.084	-1.161	2.466e-01	1.000e+00	-0.000	-0.183	-0.002	-2.081	3.924e-02	1.000e+00	-0.000	-3.242
ATF3	0.307	0.221	0.758	4.490e-01	1.000e+00	-0.000	-0.194	0.295	-4.000	1.064e-04	6.672e-02	1.176	-3.242
SPIC	-0.232	-0.167	-1.679	9.441e-02	1.000e+00	-0.000	-0.138	-0.075	-1.596	1.127e-01	1.000e+00	-0.000	-3.275
CREG1	-0.033	0.066	-2.091	3.747e-02	1.000e+00	-0.000	-0.070	0.004	-1.288	1.998e-01	1.000e+00	-0.000	-3.379
TOB1	0.070	0.130	-1.196	2.328e-01	1.000e+00	-0.000	-0.050	0.076	-2.201	2.949e-02	1.000e+00	-0.000	-3.397
SP3	-0.220	0.004	-2.841	4.917e-03	1.000e+00	-0.000	0.134	0.184	-0.558	5.782e-01	1.000e+00	-0.000	-3.399
GATA1	-0.394	-0.209	-2.238	2.601e-02	1.000e+00	-0.000	-0.373	-0.257	-1.170	2.441e-01	1.000e+00	-0.000	-3.408
ZNF239	-0.069	-0.070	0.045	9.641e-01	1.000e+00	-0.000	-0.175	-0.048	-3.580	4.678e-04	2.933e-01	0.533	-3.535
VEZF1	-0.126	-0.065	-1.645	1.012e-01	1.000e+00	-0.000	-0.136	-0.062	-1.894	6.027e-02	1.000e+00	-0.000	-3.539
ATF5	-0.409	0.036	-5.575	5.416e-08	3.396e-05	4.469	0.383	0.190	1.972	5.058e-02	1.000e+00	-0.000	-3.603
ILF2	-0.038	-0.005	-1.041	2.987e-01	1.000e+00	-0.000	-0.126	-0.037	-2.566	1.125e-02	1.000e+00	-0.000	-3.607
NKX2-2	-0.243	-0.044	-4.399	1.582e-05	9.916e-03	2.004	0.019	-0.017	0.692	4.899e-01	1.000e+00	-0.000	-3.707
EHF	-0.308	-0.086	-1.702	9.010e-02	1.000e+00	-0.000	-0.375	-0.108	-2.018	4.564e-02	1.000e+00	-0.000	-3.720
NFE2L2	-0.182	-0.034	-2.510	1.278e-02	1.000e+00	-0.000	-0.030	0.051	-1.229	2.211e-01	1.000e+00	-0.000	-3.739
GLI3	-0.150	-0.005	-2.799	5.560e-03	1.000e+00	-0.000	0.059	0.109	-0.964	3.368e-01	1.000e+00	-0.000	-3.763
DEAF1	-0.161	-0.075	-2.336	2.034e-02	1.000e+00	-0.000	-0.048	0.010	-1.438	1.529e-01	1.000e+00	-0.000	-3.774
SOX11	-0.207	-0.014	-3.543	4.687e-04	2.939e-01	0.532	-0.022	-0.007	-0.262	7.934e-01	1.000e+00	-0.000	-3.805
STAT2	0.086	0.104	-0.239	8.115e-01	1.000e+00	-0.000	-0.643	-0.253	-3.605	4.661e-04	2.923e-01	0.534	-3.844
XRCC5	0.035	0.119	-0.886	3.765e-01	1.000e+00	-0.000	-0.244	0.079	-3.013	3.034e-03	1.000e+00	-0.000	-3.899
SP100	0.035	0.119	-0.886	3.765e-01	1.000e+00	-0.000	-0.244	0.079	-3.013	3.034e-03	1.000e+00	-0.000	-3.899
SOX10	-0.033	0.003	-0.560	5.757e-01	1.000e+00	-0.000	-0.173	0.030	-3.394	8.801e-04	5.518e-01	0.258	-3.954
MAFA	-0.213	-0.185	-0.386	6.996e-01	1.000e+00	-0.000	-0.317	-0.012	-3.634	3.980e-04	2.496e-01	0.603	-4.020
ELF4	-0.388	0.205	-4.846	2.195e-06	1.376e-03	2.861	0.116	0.012	0.814	4.172e-01	1.000e+00	-0.000	-4.032
CIITA	-0.210	0.035	-2.428	1.599e-02	1.000e+00	-0.000	-0.027	0.169	-1.719	8.800e-02	1.000e+00	-0.000	-4.147
HOXC13	-0.111	-0.118	0.116	9.074e-01	1.000e+00	-0.000	-0.399	-0.121	-4.286	3.183e-05	1.996e-02	1.700	-4.170
HSF4	-0.221	-0.031	-3.254	1.287e-03	8.069e-01	0.093	-0.020	0.045	-0.946	3.459e-01	1.000e+00	-0.000	-4.200
CBFA2T3	-0.281	-0.243	-0.358	7.205e-01	1.000e+00	-0.000	-0.581	-0.165	-3.916	1.319e-04	8.271e-02	1.082	-4.274
ZBTB14	0.305	0.319	-0.128	8.981e-01	1.000e+00	-0.000	-0.530	-0.004	-4.147	6.785e-05	4.254e-02	1.371	-4.275
SND1	-0.520	-0.258	-2.365	1.887e-02	1.000e+00	-0.000	-0.240	0.026	-1.982	4.986e-02	1.000e+00	-0.000	-4.347
DNMT3A	0.229	0.203	0.267	7.898e-01	1.000e+00	-0.000	-0.525	0.003	-4.742	5.307e-06	3.328e-03	2.478	-4.475
ZNF143	-0.448	-0.267	-2.173	3.098e-02	1.000e+00	-0.000	-0.433	-0.248	-2.317	2.236e-02	1.000e+00	-0.000	-4.490
NFKB2	-0.146	-0.035	-1.176	2.403e-01	1.000e+00	-0.000	-0.428	-0.087	-3.339	1.066e-03	6.683e-01	0.175	-4.515
ZNF267	-0.082	0.047	-1.093	2.754e-01	1.000e+00	-0.000	-0.527	-0.005	-3.428	8.278e-04	5.190e-01	0.285	-4.521
SP1	-0.146	-0.047	-1.278	2.025e-01	1.000e+00	-0.000	-0.243	0.082	-3.294	1.267e-03	7.945e-01	0.100	-4.572
FOXE1	-0.521	0.018	-3.968	9.492e-05	5.952e-02	1.225	0.221	0.316	-0.629	5.306e-01	1.000e+00	-0.000	-4.597
SMAD3	-0.181	0.048	-2.223	2.716e-02	1.000e+00	-0.000	-0.328	-0.041	-2.389	1.864e-02	1.000e+00	-0.000	-4.612
CTCF	-0.227	-0.086	-1.961	5.099e-02	1.000e+00	-0.000	-0.202	0.036	-2.710	7.636e-03	1.000e+00	-0.000	-4.671
HDAC7	-0.048	0.226	-3.464	6.149e-04	3.855e-01	0.414	-0.077	0.028	-1.217	2.257e-01	1.000e+00	-0.000	-4.681
FOXA1	-0.442	-0.131	-3.782	1.935e-04	1.213e-01	0.916	-0.215	-0.136	-1.038	3.009e-01	1.000e+00	-0.000	-4.820
ESR1	-0.445	-0.220	-2.508	1.279e-02	1.000e+00	-0.000	-0.417	-0.138	-2.320	2.208e-02	1.000e+00	-0.000	-4.828
PIAS4	-0.370	-0.024	-3.716	2.688e-04	1.686e-01	0.773	-0.342	-0.228	-1.115	2.668e-01	1.000e+00	-0.000	-4.831
KLF12	-0.340	-0.189	-2.120	3.488e-02	1.000e+00	-0.000	-0.251	0.012	-2.717	7.562e-03	1.000e+00	-0.000	-4.837
KLF5	-0.750	-0.497	-2.102	3.661e-02	1.000e+00	-0.000	-0.763	-0.313	-2.762	6.739e-03	1.000e+00	-0.000	-4.864
SIX1	-0.335	0.049	-3.636	3.374e-04	2.116e-01	0.675	-0.182	-0.045	-1.242	2.166e-01	1.000e+00	-0.000	-4.878
MEIS1	-0.157	-0.067	-0.976	3.299e-01	1.000e+00	-0.000	-0.412	0.026	-3.987	1.114e-04	6.983e-02	1.156	-4.963
EAPP	-0.545	-0.217	-2.991	3.035e-03	1.000e+00	-0.000	-0.053	0.176	-1.984	4.933e-02	1.000e+00	-0.000	-4.975
NR4A2	-0.215	0.116	-2.213	2.793e-02	1.000e+00	-0.000	-0.256	0.137	-2.780	6.239e-03	1.000e+00	-0.000	-4.993
KLF16	-1.013	-0.714	-2.356	1.935e-02	1.000e+00	-0.000	-0.494	-0.132	-2.678	8.535e-03	1.000e+00	-0.000	-5.034
NFIA	-1.013	-0.714	-2.356	1.935e-02	1.000e+00	-0.000	-0.494	-0.132	-2.678	8.535e-03	1.000e+00	-0.000	-5.034
ZBTB17	-1.013	-0.714	-2.356	1.935e-02	1.000e+00	-0.000	-0.494	-0.132	-2.678	8.535e-03	1.000e+00	-0.000	-5.034
CBX8	-1.013	-0.714	-2.356	1.935e-02	1.000e+00	-0.000	-0.494	-0.132	-2.678	8.535e-03	1.000e+00	-0.000	-5.034
ZBTB5	-1.013	-0.714	-2.356	1.935e-02	1.000e+00	-0.000	-0.494	-0.132	-2.678	8.535e-03	1.000e+00	-0.000	-5.034
FOXG1	-1.013	-0.714	-2.356	1.935e-02	1.000e+00	-0.000	-0.494	-0.132	-2.678	8.535e-03	1.000e+00	-0.000	-5.034
EGR1	-0.232	-0.035	-2.240	2.611e-02	1.000e+00	-0.000	-0.342	0.016	-2.802	6.007e-03	1.000e+00	-0.000	-5.042
TCF4	-0.568	-0.387	-2.009	4.573e-02	1.000e+00	-0.000	-0.510	-0.168	-3.036	2.995e-03	1.000e+00	-0.000	-5.045
EAF1	-0.146	-0.034	-3.706	2.596e-04	1.628e-01	0.788	-0.103	-0.057	-1.356	1.775e-01	1.000e+00	-0.000	-5.062
BCL6	-0.150	-0.075	-0.853	3.947e-01	1.000e+00	-0.000	-0.420	-0.051	-4.245	4.091e-05	2.565e-02	1.591	-5.098
MEN1	-0.140	0.151	-3.131	1.987e-03	1.000e+00	-0.000	-0.420	-0.232	-1.970	5.103e-02	1.000e+00	-0.000	-5.101
TRERF1	-0.391	-0.144	-2.296	2.241e-02	1.000e+00	-0.000	-0.183	0.135	-2.812	5.638e-03	1.000e+00	-0.000	-5.108
FOXH1	-0.358	-0.189	-2.006	4.607e-02	1.000e+00	-0.000	-0.376	-0.103	-3.117	2.197e-03	1.000e+00	-0.000	-5.123
NCOA2	-0.358	-0.189	-2.006	4.607e-02	1.000e+00	-0.000	-0.376	-0.103	-3.117	2.197e-03	1.000e+00	-0.000	-5.123
URI1	-0.358	-0.189	-2.006	4.607e-02	1.000e+00	-0.000	-0.376	-0.103	-3.117	2.197e-03	1.000e+00	-0.000	-5.123
HEYL	-0.358	-0.189	-2.006	4.607e-02	1.000e+00	-0.000	-0.376	-0.103	-3.117	2.197e-03	1.000e+00	-0.000	-5.123
THRB	-0.285	0.173	-3.980	8.965e-05	5.621e-02	1.250	0.093	0.235	-1.154	2.505e-01	1.000e+00	-0.000	-5.134
HOXD9	-0.113	-0.029	-2.794	5.594e-03	1.000e+00	-0.000	-0.133	-0.057	-2.349	2.030e-02	1.000e+00	-0.000	-5.143
ARNTL2	-0.393	-0.158	-2.179	3.021e-02	1.000e+00	-0.000	-0.504	-0.190	-3.040	2.805e-03	1.000e+00	-0.000	-5.219
ID2	-0.360	-0.076	-4.943	1.413e-06	8.860e-04	3.053	-0.040	-0.023	-0.308	7.586e-01	1.000e+00	-0.000	-5.251
SNAI2	-0.515	-0.215	-2.927	3.741e-03	1.000e+00	-0.000	-0.479	-0.142	-2.401	1.796e-02	1.000e+00	-0.000	-5.328
FOXF2	0.002	0.113	-0.909	3.642e-01	1.000e+00	-0.000	-0.820	-0.234	-4.497	1.463e-05	9.173e-03	2.037	-5.406
FOXL2	-0.740	-0.071	-4.962	1.447e-06	9.074e-04	3.042	0.297	0.369	-0.538	5.913e-01	1.000e+00	-0.000	-5.500
NFKBIA	-0.267	-0.071	-2.127	3.437e-02	1.000e+00	-0.000	-0.191	0.137	-3.414	8.312e-04	5.212e-01	0.283	-5.541
SATB2	-0.208	-0.026	-2.706	7.245e-03	1.000e+00	-0.000	-0.096	0.148	-2.848	5.151e-03	1.000e+00	-0.000	-5.554
KCNIP3	-0.096	-0.017	-2.078	3.862e-02	1.000e+00	-0.000	-0.209	-0.049	-3.486	6.650e-04	4.169e-01	0.380	-5.564
GTF2I	-0.486	-0.098	-4.327	2.260e-05	1.417e-02	1.849	-0.137	-0.030	-1.244	2.160e-01	1.000e+00	-0.000	-5.571
POU2AF1	-0.527	-0.251	-2.780	5.854e-03	1.000e+00	-0.000	-0.660	-0.348	-2.800	5.968e-03	1.000e+00	-0.000	-5.580
TBX21	-0.097	-0.008	-1.778	7.646e-02	1.000e+00	-0.000	-0.247	-0.014	-3.843	1.953e-04	1.225e-01	0.912	-5.621
IKZF1	-0.132	0.018	-1.678	9.463e-02	1.000e+00	-0.000	-0.395	-0.005	-4.065	8.141e-05	5.104e-02	1.292	-5.743
SP2	-0.036	0.380	-3.456	6.437e-04	4.036e-01	0.394	-0.247	0.083	-2.320	2.192e-02	1.000e+00	-0.000	-5.776
XBP1	-0.537	-0.300	-2.753	6.420e-03	1.000e+00	-0.000	-0.387	-0.140	-3.090	2.417e-03	1.000e+00	-0.000	-5.843
RFWD2	-0.341	0.097	-2.479	1.398e-02	1.000e+00	-0.000	-0.463	0.071	-3.397	9.120e-04	5.718e-01	0.243	-5.876
HES6	-0.194	0.090	-3.470	6.143e-04	3.852e-01	0.414	-0.163	0.071	-2.427	1.666e-02	1.000e+00	-0.000	-5.897
CITED2	-0.357	0.123	-3.206	1.517e-03	9.510e-01	0.022	-0.353	0.077	-2.706	7.690e-03	1.000e+00	-0.000	-5.912
RELB	-0.292	0.025	-2.684	7.723e-03	1.000e+00	-0.000	-0.356	0.079	-3.232	1.552e-03	9.729e-01	0.012	-5.916
PARP1	-0.516	-0.103	-5.774	2.094e-08	1.313e-05	4.882	0.005	0.018	-0.158	8.746e-01	1.000e+00	-0.000	-5.932
MLLT10	-1.030	-0.629	-3.304	1.113e-03	6.977e-01	0.156	-0.459	-0.137	-2.748	6.927e-03	1.000e+00	-0.000	-6.052
ZNF76	-0.784	-0.538	-2.546	1.158e-02	1.000e+00	-0.000	-0.485	-0.145	-3.536	5.876e-04	3.684e-01	0.434	-6.082
LIMD1	-0.055	0.082	-1.595	1.119e-01	1.000e+00	-0.000	-0.360	0.043	-4.547	1.060e-05	6.645e-03	2.178	-6.142
MYOD1	-0.154	0.075	-2.454	1.501e-02	1.000e+00	-0.000	-0.391	-0.008	-3.705	3.327e-04	2.086e-01	0.681	-6.159
NOTCH3	-0.209	0.119	-2.754	6.301e-03	1.000e+00	-0.000	-0.560	-0.085	-3.441	7.941e-04	4.979e-01	0.303	-6.195
DEK	-0.249	-0.017	-5.316	2.107e-07	1.321e-04	3.879	-0.076	-0.028	-0.889	3.754e-01	1.000e+00	-0.000	-6.205
TRIB3	-0.529	0.002	-5.071	8.445e-07	5.295e-04	3.276	-0.123	-0.002	-1.152	2.516e-01	1.000e+00	-0.000	-6.223
CDCA7L	-0.514	-0.156	-2.839	4.900e-03	1.000e+00	-0.000	-0.370	0.118	-3.393	9.162e-04	5.744e-01	0.241	-6.232
HEY2	-0.597	0.001	-5.274	2.913e-07	1.826e-04	3.738	0.089	0.194	-0.971	3.337e-01	1.000e+00	-0.000	-6.245
FLI1	-0.137	0.031	-1.950	5.238e-02	1.000e+00	-0.000	-0.264	0.125	-4.312	3.249e-05	2.037e-02	1.691	-6.262
POU2F1	-0.196	-0.236	0.475	6.355e-01	1.000e+00	-0.000	-0.629	-0.136	-6.776	4.696e-10	2.945e-07	6.531	-6.301
BMI1	-0.232	0.093	-3.454	6.678e-04	4.187e-01	0.378	-0.245	0.086	-2.853	5.059e-03	1.000e+00	-0.000	-6.307
SALL4A	-0.116	0.245	-3.440	6.765e-04	4.241e-01	0.372	-0.168	0.255	-3.050	2.810e-03	1.000e+00	-0.000	-6.490
TBX3	-0.942	-0.468	-5.054	7.851e-07	4.923e-04	3.308	-0.165	-0.003	-1.436	1.534e-01	1.000e+00	-0.000	-6.490
TBX2	-0.942	-0.468	-5.054	7.851e-07	4.923e-04	3.308	-0.165	-0.003	-1.436	1.534e-01	1.000e+00	-0.000	-6.490
NRF1	-0.263	0.135	-4.299	2.563e-05	1.607e-02	1.794	-0.043	0.184	-2.194	2.998e-02	1.000e+00	-0.000	-6.493
HDAC3	-0.521	-0.046	-4.372	1.830e-05	1.147e-02	1.940	0.004	0.223	-2.143	3.428e-02	1.000e+00	-0.000	-6.515
EGR2	-0.570	-0.193	-4.322	2.206e-05	1.383e-02	1.859	-0.426	-0.198	-2.204	2.940e-02	1.000e+00	-0.000	-6.526
MYB	-0.486	-0.220	-3.007	2.878e-03	1.000e+00	-0.000	-0.797	-0.376	-3.657	3.779e-04	2.369e-01	0.625	-6.664
TNFAIP3	-0.512	-0.142	-4.223	3.572e-05	2.240e-02	1.650	-0.368	-0.139	-2.444	1.600e-02	1.000e+00	-0.000	-6.667
AATF	-0.222	0.050	-2.245	2.589e-02	1.000e+00	-0.000	-0.743	-0.140	-4.555	1.442e-05	9.040e-03	2.044	-6.800
NR2E3	-0.074	-0.023	-2.126	3.453e-02	1.000e+00	-0.000	-0.141	-0.019	-4.777	4.590e-06	2.878e-03	2.541	-6.903
NR0B1	-0.323	0.075	-3.871	1.347e-04	8.444e-02	1.073	-0.193	0.185	-3.057	2.726e-03	1.000e+00	-0.000	-6.928
CEBPD	-0.857	-0.287	-5.802	1.986e-08	1.245e-05	4.905	-0.239	-0.110	-1.188	2.370e-01	1.000e+00	-0.000	-6.990
MYBL2	0.066	0.220	-1.335	1.837e-01	1.000e+00	-0.000	-1.115	-0.224	-5.660	1.642e-07	1.029e-04	3.987	-6.995
NR1I2	-0.595	-0.134	-4.394	1.791e-05	1.123e-02	1.950	-0.225	0.052	-2.660	8.805e-03	1.000e+00	-0.000	-7.054
RFX3	-0.284	-0.118	-3.063	2.490e-03	1.000e+00	-0.000	-0.275	-0.094	-4.000	1.025e-04	6.429e-02	1.192	-7.063
JUND	-0.166	0.133	-3.252	1.395e-03	8.748e-01	0.058	-0.363	-0.056	-3.841	1.815e-04	1.138e-01	0.944	-7.093
IRF4	-0.454	-0.120	-4.120	5.139e-05	3.222e-02	1.492	-0.509	-0.242	-3.001	3.223e-03	1.000e+00	-0.000	-7.121
E2F3	-0.098	0.323	-4.163	4.586e-05	2.875e-02	1.541	-0.457	-0.058	-2.981	3.589e-03	1.000e+00	-0.000	-7.144
LMO2	-0.165	-0.062	-1.477	1.409e-01	1.000e+00	-0.000	-0.559	0.058	-5.677	9.481e-08	5.945e-05	4.226	-7.154
SREBF1	-0.108	-0.001	-1.235	2.177e-01	1.000e+00	-0.000	-0.615	0.098	-5.961	2.443e-08	1.531e-05	4.815	-7.196
SREBF2	-0.350	-0.064	-3.849	1.536e-04	9.631e-02	1.016	-0.427	-0.162	-3.361	1.008e-03	6.321e-01	0.199	-7.210
DENND4A	-0.431	-0.040	-4.619	6.989e-06	4.382e-03	2.358	-0.698	-0.358	-2.631	9.891e-03	1.000e+00	-0.000	-7.250
RREB1	-0.466	-0.144	-3.611	3.696e-04	2.317e-01	0.635	-0.442	-0.032	-3.702	3.180e-04	1.994e-01	0.700	-7.313
FOXP1	-0.466	-0.144	-3.611	3.696e-04	2.317e-01	0.635	-0.442	-0.032	-3.702	3.180e-04	1.994e-01	0.700	-7.313
ILF3	-0.565	-0.266	-3.850	1.592e-04	9.981e-02	1.001	-0.499	-0.185	-3.506	6.568e-04	4.118e-01	0.385	-7.356
PER1	-0.483	-0.063	-5.675	3.467e-08	2.174e-05	4.663	-0.117	0.038	-1.765	8.014e-02	1.000e+00	-0.000	-7.440
ZEB2	-0.684	-0.090	-5.904	1.141e-08	7.152e-06	5.146	-0.308	-0.131	-1.543	1.252e-01	1.000e+00	-0.000	-7.447
HOXC6	-0.330	0.074	-2.969	3.318e-03	1.000e+00	-0.000	-0.999	-0.074	-4.597	1.083e-05	6.790e-03	2.168	-7.566
HOXB7	-0.770	-0.261	-4.051	7.108e-05	4.457e-02	1.351	-0.556	-0.135	-3.558	5.241e-04	3.286e-01	0.483	-7.609
FOXI1	-0.201	0.030	-4.196	3.693e-05	2.316e-02	1.635	-0.373	-0.060	-3.585	5.045e-04	3.163e-01	0.500	-7.781
PAX4	-0.145	0.103	-2.491	1.331e-02	1.000e+00	-0.000	-0.661	0.051	-5.316	4.600e-07	2.884e-04	3.540	-7.807
HEY1	-0.471	0.039	-4.433	1.386e-05	8.693e-03	2.061	-0.228	0.214	-3.402	9.184e-04	5.758e-01	0.240	-7.835
GCM2	-0.213	-0.087	-4.160	4.613e-05	2.892e-02	1.539	-0.149	-0.014	-3.680	3.513e-04	2.203e-01	0.657	-7.840
PBX1	-0.487	-0.064	-5.319	2.446e-07	1.534e-04	3.814	-0.291	-0.064	-2.523	1.295e-02	1.000e+00	-0.000	-7.842
FOSB	-0.616	-0.347	-2.443	1.524e-02	1.000e+00	-0.000	-0.847	-0.043	-5.526	1.712e-07	1.073e-04	3.969	-7.969
ZNF300	-0.692	-0.257	-3.009	2.959e-03	1.000e+00	-0.000	-0.886	-0.164	-4.964	2.514e-06	1.577e-03	2.802	-7.973
STAT5	-0.602	-0.189	-3.961	9.714e-05	6.091e-02	1.215	-0.822	-0.339	-4.024	9.742e-05	6.108e-02	1.214	-7.985
SSB	-0.592	-0.098	-6.178	2.280e-09	1.430e-06	5.845	-0.015	0.167	-2.008	4.661e-02	1.000e+00	-0.000	-8.186
PER2	-0.587	-0.025	-4.531	8.622e-06	5.406e-03	2.267	-0.568	0.154	-3.664	3.772e-04	2.365e-01	0.626	-8.195
SUZ12	-0.587	-0.025	-4.531	8.622e-06	5.406e-03	2.267	-0.568	0.154	-3.664	3.772e-04	2.365e-01	0.626	-8.195
EHMT2	-0.485	0.027	-5.849	1.570e-08	9.842e-06	5.007	-0.401	-0.162	-2.431	1.653e-02	1.000e+00	-0.000	-8.280
PGR	-0.497	-0.038	-6.355	9.043e-10	5.670e-07	6.246	-0.054	0.148	-1.945	5.447e-02	1.000e+00	-0.000	-8.300
PTTG1	-0.577	0.004	-4.766	3.670e-06	2.301e-03	2.638	-0.671	-0.245	-3.698	3.320e-04	2.081e-01	0.682	-8.464
GTF3A	-0.659	0.278	-7.603	7.742e-13	4.854e-10	9.314	0.005	0.137	-0.992	3.230e-01	1.000e+00	-0.000	-8.595
ARID3A	-0.215	-0.045	-4.086	5.951e-05	3.731e-02	1.428	-0.187	-0.001	-4.587	9.278e-06	5.817e-03	2.235	-8.673
TSC22D1	-0.313	0.133	-5.103	6.864e-07	4.304e-04	3.366	-0.395	-0.044	-3.590	4.734e-04	2.968e-01	0.527	-8.693
JUNB	-0.417	-0.079	-4.377	1.818e-05	1.140e-02	1.943	-0.716	-0.179	-4.415	2.269e-05	1.423e-02	1.847	-8.792
ELF2	-0.266	-0.051	-3.564	4.407e-04	2.763e-01	0.559	-0.455	-0.105	-5.466	2.160e-07	1.354e-04	3.868	-9.030
MAX	-0.568	-0.185	-2.694	7.612e-03	1.000e+00	-0.000	-1.432	-0.310	-6.375	3.992e-09	2.503e-06	5.602	-9.069
SFPQ	-0.423	-0.076	-5.133	6.347e-07	3.979e-04	3.400	-0.527	-0.205	-3.969	1.297e-04	8.132e-02	1.090	-9.102
TLE3	-0.161	0.076	-5.975	7.035e-09	4.411e-06	5.355	-0.248	-0.104	-3.134	2.165e-03	1.000e+00	-0.000	-9.109
L3MBTL1	-0.161	0.076	-5.975	7.035e-09	4.411e-06	5.355	-0.248	-0.104	-3.134	2.165e-03	1.000e+00	-0.000	-9.109
STAT4	-0.043	0.319	-3.898	1.285e-04	8.056e-02	1.094	-0.914	-0.245	-5.232	8.700e-07	5.455e-04	3.263	-9.130
MTA2	-0.332	0.041	-4.738	3.475e-06	2.179e-03	2.662	-0.468	-0.109	-4.412	2.035e-05	1.276e-02	1.894	-9.150
RBBP7	-0.433	0.037	-4.521	9.294e-06	5.827e-03	2.235	-0.632	-0.120	-4.639	8.462e-06	5.306e-03	2.275	-9.160
TCF12	-0.433	0.037	-4.521	9.294e-06	5.827e-03	2.235	-0.632	-0.120	-4.639	8.462e-06	5.306e-03	2.275	-9.160
ZNF217	-0.433	0.037	-4.521	9.294e-06	5.827e-03	2.235	-0.632	-0.120	-4.639	8.462e-06	5.306e-03	2.275	-9.160
POU3F2	-0.359	-0.090	-5.645	3.750e-08	2.351e-05	4.629	-0.125	0.093	-3.637	3.852e-04	2.415e-01	0.617	-9.282
APEX1	-0.304	-0.009	-3.706	2.629e-04	1.649e-01	0.783	-0.645	-0.115	-5.657	1.068e-07	6.693e-05	4.174	-9.363
RNF14	-0.769	-0.244	-3.447	7.025e-04	4.404e-01	0.356	-0.810	-0.029	-5.927	2.323e-08	1.456e-05	4.837	-9.374
MTF1	-0.227	0.129	-4.339	2.070e-05	1.298e-02	1.887	-0.714	-0.101	-5.039	1.670e-06	1.047e-03	2.980	-9.378
HDAC4	-0.512	-0.087	-4.480	1.079e-05	6.765e-03	2.170	-0.585	0.020	-4.899	2.901e-06	1.819e-03	2.740	-9.379
SNAI1	-0.487	0.070	-4.799	2.804e-06	1.758e-03	2.755	-0.884	-0.229	-4.737	6.267e-06	3.930e-03	2.406	-9.536
SMURF2	-0.570	-0.118	-4.812	2.528e-06	1.585e-03	2.800	-0.585	0.072	-4.736	6.701e-06	4.202e-03	2.377	-9.548
ZNF24	-0.596	0.078	-5.022	1.012e-06	6.346e-04	3.197	-0.525	0.214	-4.573	1.135e-05	7.117e-03	2.148	-9.595
SALL3	-0.683	-0.118	-5.301	2.406e-07	1.509e-04	3.821	-0.618	-0.130	-4.328	2.722e-05	1.707e-02	1.768	-9.629
PPARA	-0.489	-0.041	-4.318	2.172e-05	1.362e-02	1.866	-0.783	-0.203	-5.409	2.418e-07	1.516e-04	3.819	-9.727
MED1	-0.630	-0.316	-4.459	1.337e-05	8.384e-03	2.077	-0.711	-0.177	-5.414	3.917e-07	2.456e-04	3.610	-9.873
NRIP1	-0.472	-0.061	-4.792	2.978e-06	1.867e-03	2.729	-0.658	-0.092	-5.171	9.835e-07	6.167e-04	3.210	-9.963
CEBPZ	-0.627	0.079	-6.974	2.558e-11	1.604e-08	7.795	-0.271	0.105	-3.237	1.508e-03	9.452e-01	0.024	-10.211
SALL4	-0.640	-0.106	-5.953	9.494e-09	5.953e-06	5.225	-0.527	-0.094	-4.266	4.053e-05	2.541e-02	1.595	-10.219
ELK1	-0.492	-0.008	-4.627	6.589e-06	4.131e-03	2.384	-0.649	-0.025	-5.727	7.776e-08	4.875e-05	4.312	-10.354
HOXA1	-0.513	-0.011	-3.651	3.468e-04	2.175e-01	0.663	-1.118	-0.158	-6.823	4.317e-10	2.707e-07	6.568	-10.474
CREB1	-0.384	0.042	-4.938	1.633e-06	1.024e-03	2.990	-0.677	-0.128	-5.578	1.510e-07	9.465e-05	4.024	-10.516
GFI1B	-0.801	0.132	-6.792	1.401e-10	8.786e-08	7.056	-0.323	0.138	-3.767	2.388e-04	1.497e-01	0.825	-10.559
ZNF383	-0.761	-0.163	-5.322	2.746e-07	1.721e-04	3.764	-0.641	-0.133	-5.297	5.516e-07	3.459e-04	3.461	-10.619
ZEB1	-0.733	-0.108	-6.994	2.303e-11	1.444e-08	7.840	-0.759	-0.266	-3.907	1.623e-04	1.018e-01	0.992	-10.901
ZFP36L1	-0.666	0.097	-6.372	7.681e-10	4.816e-07	6.317	-0.614	0.114	-4.534	1.371e-05	8.595e-03	2.066	-10.906
TEAD4	-0.666	0.097	-6.372	7.681e-10	4.816e-07	6.317	-0.614	0.114	-4.534	1.371e-05	8.595e-03	2.066	-10.906
TRAF6	-0.666	0.097	-6.372	7.681e-10	4.816e-07	6.317	-0.614	0.114	-4.534	1.371e-05	8.595e-03	2.066	-10.906
MZF1	-0.634	-0.026	-5.481	1.019e-07	6.389e-05	4.195	-0.879	0.076	-5.517	1.774e-07	1.112e-04	3.954	-10.998
NFIL3	-0.755	-0.074	-4.972	1.356e-06	8.501e-04	3.071	-1.100	-0.261	-6.096	1.420e-08	8.901e-06	5.051	-11.068
HTATIP2	-0.933	-0.024	-7.200	6.568e-12	4.118e-09	8.385	-0.373	0.328	-3.909	1.492e-04	9.353e-02	1.029	-11.109
STAT5A	-0.519	-0.135	-4.425	1.513e-05	9.484e-03	2.023	-0.757	-0.106	-6.727	5.532e-10	3.469e-07	6.460	-11.152
ZNF202	-0.535	-0.133	-4.891	1.894e-06	1.188e-03	2.925	-0.761	-0.254	-6.316	4.198e-09	2.632e-06	5.580	-11.207
PITX2	-0.402	0.161	-7.109	1.467e-11	9.201e-09	8.036	-0.484	-0.131	-4.221	4.720e-05	2.960e-02	1.529	-11.330
POU2F2	-0.816	-0.329	-5.029	1.043e-06	6.539e-04	3.185	-0.888	-0.190	-6.336	5.586e-09	3.502e-06	5.456	-11.365
AHR	-0.578	0.078	-5.776	2.454e-08	1.539e-05	4.813	-0.504	0.248	-5.741	7.278e-08	4.563e-05	4.341	-11.517
SERTAD1	-0.598	0.007	-5.719	3.326e-08	2.085e-05	4.681	-0.873	-0.198	-5.916	2.864e-08	1.796e-05	4.746	-11.635
EZH2	-1.147	-0.347	-7.845	1.743e-13	1.093e-10	9.961	-0.880	-0.338	-3.906	1.560e-04	9.780e-02	1.010	-11.751
HES1	-0.690	-0.146	-5.992	6.811e-09	4.271e-06	5.369	-0.754	-0.152	-5.860	3.337e-08	2.092e-05	4.679	-11.852
HIPK2	-0.305	0.416	-6.495	3.998e-10	2.507e-07	6.601	-0.881	0.076	-5.451	2.632e-07	1.650e-04	3.782	-11.946
RAD51	-0.379	-0.092	-5.050	8.462e-07	5.306e-04	3.275	-0.428	-0.022	-6.911	1.829e-10	1.147e-07	6.941	-11.961
HSF1	-1.059	-0.325	-6.105	4.193e-09	2.629e-06	5.580	-0.917	-0.117	-5.878	2.953e-08	1.852e-05	4.732	-11.983
PIAS3	-0.820	-0.158	-7.450	2.350e-12	1.473e-09	8.832	-0.729	-0.203	-4.735	5.944e-06	3.727e-03	2.429	-12.185
WWP1	-0.314	0.050	-5.506	8.439e-08	5.291e-05	4.276	-0.459	0.025	-6.828	1.395e-10	8.745e-08	7.058	-12.334
ZFP36	-0.627	-0.091	-6.146	3.311e-09	2.076e-06	5.683	-0.693	-0.016	-6.275	6.730e-09	4.220e-06	5.375	-12.421
JDP2	-1.733	-0.497	-8.382	4.971e-15	3.117e-12	11.506	-0.774	-0.173	-4.054	9.046e-05	5.672e-02	1.246	-12.436
FOSL2	-0.607	-0.160	-5.703	3.757e-08	2.356e-05	4.628	-0.622	-0.064	-6.807	3.720e-10	2.333e-07	6.632	-12.510
NKX2-5	-0.722	0.089	-7.435	2.508e-12	1.572e-09	8.803	-0.528	0.015	-5.154	8.244e-07	5.169e-04	3.287	-12.589
PITX1	-0.542	-0.003	-6.882	4.626e-11	2.901e-08	7.538	-0.865	-0.220	-6.078	1.430e-08	8.965e-06	5.047	-12.960
CHD8	-1.197	-0.431	-7.563	6.762e-13	4.240e-10	9.373	-0.929	-0.260	-5.649	7.493e-08	4.698e-05	4.328	-13.212
PHB2	-0.863	-0.301	-6.441	6.587e-10	4.130e-07	6.384	-0.749	-0.101	-6.898	2.430e-10	1.523e-07	6.817	-13.339
HDAC10	-0.927	-0.229	-6.034	5.453e-09	3.419e-06	5.466	-1.333	-0.359	-7.450	7.346e-12	4.606e-09	8.337	-13.484
POU4F2	-1.166	-0.380	-5.670	5.305e-08	3.326e-05	4.478	-1.082	-0.083	-7.857	1.299e-12	8.143e-10	9.089	-13.527
FOXM1	-0.519	0.230	-7.820	2.158e-13	1.353e-10	9.869	-0.649	0.009	-5.809	5.192e-08	3.255e-05	4.487	-13.629
TSC22D3	-1.535	-0.638	-5.911	1.815e-08	1.138e-05	4.944	-1.721	-0.459	-7.945	1.847e-12	1.158e-09	8.936	-13.856
HCFC1	-0.567	-0.114	-9.257	1.827e-17	1.146e-14	13.941	-0.332	-0.001	-5.333	5.162e-07	3.236e-04	3.490	-14.590
POU4F1	-0.909	-0.304	-7.979	7.745e-14	4.856e-11	10.314	-0.750	-0.091	-7.668	4.803e-12	3.012e-09	8.521	-15.647
CDX1	-0.960	-0.014	-8.205	2.897e-14	1.816e-11	10.741	-1.548	-0.294	-7.523	2.078e-11	1.303e-08	7.885	-15.728
SATB1	-1.060	-0.379	-8.835	1.126e-16	7.063e-14	13.151	-0.908	-0.184	-7.392	1.943e-11	1.218e-08	7.914	-16.227
TCF7L2	-1.138	-0.372	-7.745	3.186e-13	1.997e-10	9.700	-1.431	-0.315	-8.561	9.630e-14	6.038e-11	10.219	-16.306
MYC	-1.164	-0.296	-8.106	4.050e-14	2.539e-11	10.595	-1.963	-0.552	-8.562	1.194e-13	7.485e-11	10.126	-16.668
TP53BP1	-1.016	-0.224	-9.165	2.501e-17	1.568e-14	13.805	-1.082	-0.209	-10.369	1.810e-18	1.135e-15	14.945	-19.534
E2F1	-1.841	-0.574	-11.570	3.203e-24	2.009e-21	20.697	-1.754	-0.354	-8.704	6.953e-14	4.359e-11	10.361	-20.274
TFDP1	-2.337	-0.577	-11.331	2.240e-23	1.405e-20	19.852	-2.169	-0.357	-9.720	2.922e-16	1.832e-13	12.737	-21.051
MYCN	-1.881	-0.469	-10.447	6.759e-21	4.238e-18	17.373	-2.268	-0.463	-10.762	1.150e-18	7.210e-16	15.142	-21.209
