TF	TFAs Ave.(E)	TFAs Ave.(IE)	TTS	p_val	FDR	negLog10_FDR
E4F1	1.5723294611165581	0.38360471567997234	11.935836272144995	1.1479580727564659e-26	7.19769711618304e-24	23.14280643269533
RBL1	1.7583532237022517	0.4518838360304247	11.472362173239823	2.6437255356904998e-24	1.6576159108779434e-21	20.780516093273345
E2F4	1.6124729742174708	0.3422954353599799	10.851878137966331	1.0085565879322901e-22	6.323649806335459e-20	19.1990321886113
RBL2	1.3665272659138477	0.19959510075116568	10.736672059524736	2.3106859363227236e-22	1.4488000820743477e-19	18.838991538091268
TP53	2.0150666097122616	0.5435462267171345	9.782714524989814	1.8805358374684908e-18	1.1790959700927437e-15	14.928450844959652
ID4	0.9164603986244102	0.1900636568912728	9.093103020126003	4.1193579982841055e-17	2.5828374649241343e-14	13.587902922633315
DLX4	0.9164603986244102	0.1900636568912728	9.093103020126003	4.1193579982841055e-17	2.5828374649241343e-14	13.587902922633315
E2F6	0.46457100596606343	0.00961842331700661	9.088228934470926	8.917541064383327e-17	5.5912982473683456e-14	13.252487341271701
ZHX2	1.4483162506377294	0.44980237567981557	8.914234529894449	1.0311527684568641e-16	6.465327858224538e-14	13.189409447054668
E2F8	0.5917428224531723	0.11465578933641334	8.45477764407302	6.111905956620382e-15	3.832165034800979e-12	11.416555796002672
E2F7	0.5917428224531723	0.11465578933641334	8.45477764407302	6.111905956620382e-15	3.832165034800979e-12	11.416555796002672
POLR1A	0.5917428224531723	0.11465578933641334	8.45477764407302	6.111905956620382e-15	3.832165034800979e-12	11.416555796002672
MSC	1.233451855802726	0.4077317161577669	8.236185530067837	9.224542892868414e-15	5.783788393828495e-12	11.23778760455753
BRCA1	1.257591059628672	0.33074179843774537	8.229593466394155	1.4992561047521742e-14	9.400335776796133e-12	11.026856633272082
SPEN	0.5560388561922628	0.09289377619240366	8.154936635201093	1.267171061817766e-14	7.945162557597392e-12	11.099897212724025
IRF1	1.3694978244454112	0.30998306329467235	7.9263654787642235	1.0185874584714375e-13	6.386543364615913e-11	10.1947341346197
SPDEF	1.1825176382008986	0.1258410283566305	7.822813233197676	2.15948843054139e-13	1.3539992459494516e-10	9.868381577512089
RB1	1.1076327524855654	0.26136254583817403	7.688316715420605	6.229632888506645e-13	3.9059798210936663e-10	9.408270004675996
SOX6	1.39442027225597	0.4684343208895127	7.65502134807185	6.270888778629471e-13	3.9318472642006784e-10	9.405403361033997
SF1	0.7342441296624166	0.013233817299176448	7.618797471022523	8.034305066881384e-13	5.037509276934627e-10	9.29778414106566
MITF	1.5758188284897687	0.3507641633230113	7.606841959744587	4.448198144935572e-13	2.7890202368746037e-10	9.554548334521657
ETV6	1.4175576401991428	0.5272468503318507	7.591933655879612	8.253450402175741e-13	5.17491340216419e-10	9.286096913364167
ATOH1	0.8020056738069106	-0.016144755858234817	7.589014819865765	5.02066540892626e-13	3.1479572113967647e-10	9.501971179419888
LMO4	0.3651673083715923	0.0753062760723401	7.560986545989585	7.837826327605202e-13	4.914317107408461e-10	9.308536823119615
CBX7	0.8008538550225756	0.09666958085489273	7.432835399948116	1.1540512654235643e-12	7.235901434205748e-10	9.140507357632027
NR4A1	0.7872804910513727	-0.003451015640214537	7.413100437458862	1.634715672481748e-12	1.024966726646056e-09	8.989290232821457
BTAF1	0.5872821086676082	0.03260194351477968	7.3933029111190605	2.851981405541066e-12	1.7881923412742485e-09	8.747585769510225
NR2F2	0.6871290711383371	0.08194848679679927	7.336299345109957	2.1631275252525398e-12	1.3562809583333425e-09	8.8676503355319
PAWR	0.6102882189354196	0.028708439327369495	7.306948094672197	4.600606165190863e-12	2.8845800655746715e-09	8.539917402084694
MEF2D	1.4764783667926533	0.3401544446611763	7.004668997859665	3.1714605621708614e-11	1.98850577248113e-08	7.701473143952296
YBX1	1.0852114592864237	0.1793689446449286	6.860929560273609	9.455776375995674e-11	5.928771787749288e-08	7.227035266340595
MYOCD	0.9082439777145871	0.026842806186556555	6.849098587474917	6.410550351893215e-11	4.019415070637046e-08	7.395837143452305
TCF19	0.7701871398469251	0.19810603670973964	6.843470108831104	5.1141508753370746e-11	3.206572598836346e-08	7.493958922933053
RUNX2	0.8652913695919489	0.03603846272328268	6.802973420266092	6.47956069839993e-11	4.0626845578967564e-08	7.3911868966209315
CRX	0.28624403189764797	0.05300977323796253	6.637274171448012	2.4596595487628697e-10	1.5422065370743194e-07	6.811857460328443
FOXO3	1.0118375333066865	0.30499774405472957	6.548594124067424	4.4231029558870787e-10	2.7732855533411983e-07	6.5570054106761795
ISL1	0.7014095374602809	-0.16650139681306225	6.490783392536066	7.124928487923798e-10	4.467330161928221e-07	6.34995194942992
ZBTB16	0.7608987097224679	0.04515609001448922	6.464034082871223	4.712215990427127e-10	2.954559425997809e-07	6.529507270492783
NR5A2	0.5083341826481109	-0.19260697853752495	6.421560936187381	6.879196041425853e-10	4.31325591797401e-07	6.3651947731393195
KLF10	1.1751917278510045	0.4126965408284946	6.395742317437272	1.07313704333713e-09	6.728569261723805e-07	6.172077272744189
ATF4	1.2684199654945079	0.3428120830144313	6.175712221093003	2.875002842880912e-09	1.8026267824863319e-06	5.74409418070124
NR4A3	0.7631557029529011	0.08412351675981194	5.996506776161448	8.97733902678951e-09	5.628791569797023e-06	5.249584832662047
MDM2	0.4960497610448003	-0.1694177775715573	5.979201523570279	6.8848390685009574e-09	4.3167940959501e-06	5.3648386659893905
KLF6	1.206733122669122	0.4760478381221576	5.938002439847086	1.2354931702097669e-08	7.746542177215238e-06	5.110892110198817
OTX1	0.4391603562855673	0.11859814807970033	5.806108648735129	2.1404037386582386e-08	1.3420331441387155e-05	4.872236758281183
TFAP2A	0.31286947066169435	-0.14321582546144337	5.591865746337636	6.76759516601195e-08	4.243282169089492e-05	4.372298087629102
ZNF160	1.1041486963377452	0.4225350489359807	5.544459886927526	8.114839478943432e-08	5.0880043532975314e-05	4.293452525777039
MLXIPL	0.8272162022009538	0.19468909129327794	5.535695774506054	7.569040587488322e-08	4.745788448355178e-05	4.323691625107241
ABL1	0.7819852091358385	0.2859889722700459	5.463120021618573	1.2758976749154518e-07	7.999878421719883e-05	4.096916613155231
TBP	0.32234777973628437	-0.0807632608055256	5.416942524074551	1.5306685035081782e-07	9.597291516996277e-05	4.0178513133341855
EWSR1	0.7780378841277911	0.11137695249994373	5.397622368615185	1.895685272219969e-07	0.00011885946656819206	3.924966223152439
CDX2	0.9095469346383044	0.24938737388337512	5.328313450431911	2.4229413003898277e-07	0.0001519184195344422	3.818389566379523
IRF8	0.3779811481763004	-0.052442342689595065	5.322850056331042	2.0530403847068644e-07	0.0001287256321211204	3.890334966845529
RUNX1	0.61768457781905	0.18781682351980225	5.294745938070042	2.879837228724518e-07	0.00018056579424102727	3.743364517474105
FOXP3	0.4882719876626305	0.16870211823680067	5.2927294472986555	2.4627850024233085e-07	0.00015441661965194143	3.8113059589569334
SUGP1	0.438099369553959	-0.11990672585700983	5.256985452929619	3.052991568730556e-07	0.00019142257135940587	3.718006854234805
KLF2	1.1094398995477415	0.5055694950270163	5.197143257946005	4.023340345485614e-07	0.000252263439661948	3.598145686872859
ASCL1	0.8948530106941496	0.3171733561385354	5.194546901161896	4.586045126188113e-07	0.0002875450294119947	3.5412941353436005
PURA	0.3512847152646166	-0.13525079826096328	5.0890357159034245	7.726516659336282e-07	0.0004844525945403849	3.314748713838793
CTBP1	0.6174651746066697	0.20225272072698397	5.02476847271867	9.808392087510204e-07	0.0006149861838868897	3.2111346408572414
ERCC2	0.890249000241705	0.41500124869830524	5.021102037790154	9.343080548944569e-07	0.0005858111504188245	3.2322423661483106
NFRKB	0.6609262835984514	0.1284599009286627	4.95371754795013	1.556832478749045e-06	0.0009761339641756512	3.0104905758683658
APBB1	0.6069992999772306	0.1938681401951194	4.949919490334899	1.5083106459661662e-06	0.0009457107750207863	3.0242416627714617
DR1	0.3901590875873111	0.02472760000031197	4.710009391248042	4.1240298117667635e-06	0.002585766691977761	2.5874106631206066
SOX4	0.33986979645455145	0.031133761381669133	4.707773505340487	4.5511172854346e-06	0.002853550537967494	2.5446144314500327
IRF7	0.4632480597188377	0.08124084358792454	4.687880297242984	4.791163005885791e-06	0.003004059204690391	2.522291512407894
TWIST2	0.7430875214741265	0.1810400703518238	4.6857788814939925	4.599144232182136e-06	0.0028836634335781992	2.540055429621643
RFX1	0.21738710340528097	-0.31864402000199427	4.669571914370039	5.7161015634866645e-06	0.0035839956803061387	2.4456325224530873
IRF3	0.5865789926940206	0.10010378417135493	4.628604909256941	5.8605261089066856e-06	0.0036745498702844917	2.434795854083111
PCBD1	0.4350542505946311	-0.0816278852728291	4.597250792893298	6.4568040202998864e-06	0.004048416120728029	2.3927148544568007
PLAGL1	0.23985508063688035	-0.029760169365467062	4.557511021806091	8.569216055162556e-06	0.005372898466586923	2.269791366358101
SMARCA4	0.6824680028901914	0.197215327619586	4.518483373810447	9.78977706006526e-06	0.006138190216660918	2.2119596573238467
TOP2B	0.06101465855257211	-0.11008233349994795	4.5159795131666005	9.251038464539752e-06	0.005800401117266424	2.2365419724729416
EGR3	0.18277216269316982	-0.058825961441860204	4.4942755010964826	1.0492598622410104e-05	0.006578859336251136	2.1818493992302677
PPARGC1A	0.3104695738926997	-0.18889237627541883	4.4677517350602995	1.1524322457575071e-05	0.00722575018089957	2.141117057566266
DNMT3L	0.3571090370318289	0.05223167701312412	4.4523576267799365	1.3188344109309426e-05	0.008269091756537011	2.0825421889704923
MSX1	0.6196720622331353	-0.03443529233335434	4.427614978517068	1.4926252238356832e-05	0.009358760153449733	2.028781682691494
SP4	0.54227934388659	0.19074810770289372	4.342618529636173	2.0580255084802835e-05	0.012903819938171378	1.8892817057868085
FOXQ1	0.47647462126630946	-0.06257754136004463	4.332907654839422	2.1047679958464195e-05	0.01319689533395705	1.8795282277275978
HMGA2	0.3370661829946402	0.00685946141818176	4.30997349378942	2.321888688890059e-05	0.01455824207934067	1.8368910633014202
GATA6	0.42766322080321667	-0.1312569794200907	4.296452130700958	2.6230335121852897e-05	0.016446420121401767	1.7839286199460003
STAT6	0.2869906526145405	-0.13235897351758083	4.281611596575127	2.8673422278434474e-05	0.017978235768578415	1.7452529284851008
KLF4	0.6195036792770517	0.22656478589071044	4.262139045931171	2.9121379776784485e-05	0.018259105120043872	1.73852051108159
ING2	0.28122477495597525	-0.06320725444197071	4.238675642755845	3.0129229255176487e-05	0.018891026742995656	1.7237444371708415
STAT1	0.8218214767090464	0.40046860114604604	4.2337685154398566	3.341829062339626e-05	0.020953268220869452	1.6787482276098975
WT1	0.24968101155100866	-0.06791224794514907	4.197048838972941	3.727821483821345e-05	0.02337344070355983	1.6312773522812285
ZNF148	0.3073534983075132	-0.027124987659270468	4.12260764646347	5.348623600470847e-05	0.03353586997495221	1.4744904228727438
VDR	0.6604567504979335	0.3010853182339115	3.9883964515467	9.335299985195184e-05	0.0585323309071738	1.232604180824023
ZNF350	0.4189941927481976	-0.013933906857369505	3.9666042620322477	0.00010785523009400115	0.06762522926893871	1.1698912494999225
FHL2	1.3172649778670507	0.7182896467289713	3.9595958571019416	0.00010827281412649319	0.06788705445731123	1.16821303446433
TCF3	0.7409485394177061	0.4380847191312439	3.9030193607282198	0.00012368995384167585	0.07755360105873076	1.110398031717219
MTA3	0.2597132016267539	0.041785446540860416	3.8988155845348365	0.0001244405637115179	0.07802423344712171	1.1077704893889413
MKL1	0.23852140950636808	-0.2957049720910615	3.874519235212643	0.00014397251368564133	0.09027076608089711	1.0444528718939232
ELF1	0.3812556862789084	0.027073464986509515	3.8313177352911607	0.0001677116327176137	0.10515519371394379	0.9781692722348896
NFIC	0.05317100648960126	-0.22999005361168126	3.8009656744010574	0.00017510278420554293	0.10978944569687542	0.9594394075718989
CREM	0.04700888350982932	-0.2539398048337785	3.7962948735879727	0.00018605826650358015	0.11665853309774475	0.93308348883143
NR1H3	0.406748577905583	0.07196452388050678	3.7723313915965906	0.00019873875616042893	0.12460920011258894	0.9044498917809651
FOS	0.31965666305749724	-0.021437752742481435	3.733859692216029	0.00023797311923007782	0.1492091457572588	0.8262045560176552
HLTF	0.4474718346001578	0.16936451154959914	3.689844598213244	0.00026778974784341176	0.16790417189781917	0.7749385128572309
MSX2	0.26978592190573253	-0.06765463968406686	3.659377287200248	0.0003136344387120648	0.19664879307246463	0.7063087147186493
NF1	0.6334211478145633	0.22178650333835023	3.6329599723328245	0.0003555443114919201	0.2229262833054339	0.6518387246037199
NRL	0.085372006738746	-0.026344538955801442	3.628823312088328	0.00035132791313116917	0.22028260153324306	0.657019803151077
TSG101	0.17699113680932263	-0.036761189156363526	3.6198397372209663	0.0003581749863211147	0.2245757164233389	0.6486372061934862
AES	0.5083312895935793	0.1568163984218213	3.6010111019937847	0.00037234517655527187	0.23346042570015546	0.6317867269036791
NCOA6	0.2652399750881988	-0.036293703582434764	3.590607999694484	0.0003998289706910651	0.2506927646232978	0.6008582002640467
KLF8	0.3507762908944238	-0.16856904569828843	3.5702967735844138	0.0004334607005688537	0.27177985925667125	0.565782730597593
UHRF1	0.45276892668107893	0.11470055906340494	3.5429697868660592	0.0004869897850777812	0.30534259524376883	0.5152126074636416
ZNF175	0.15151394433265833	-0.08094167802412013	3.520827549836376	0.0005129251140656996	0.32160404651919366	0.4926784954649398
DLX3	0.18547031189743868	-0.2073148872424631	3.5141419729490533	0.0005206617362121868	0.3264549086050411	0.4861767969199673
TFDP3	0.580588927693839	0.28974260510455285	3.471109481996659	0.0006083738199242402	0.3814503850924986	0.4185619423272342
TFCP2	0.24110659760867784	-0.17021462985668845	3.444535383833874	0.0006893919598686875	0.43224875883766706	0.364266245088687
PIAS1	0.3656901260737008	0.03766254151768772	3.441239807824365	0.0006762191297427114	0.42398939434868005	0.3726450066937098
NR1H2	0.3738116636782132	0.08255349934179886	3.436764979993945	0.0006958111202693534	0.43627357240888454	0.3602410939226666
PTMA	0.37574961823140873	-0.059285315176212314	3.419750755852575	0.0007312460881468035	0.45849129726804577	0.33866890336219396
NHLH2	0.3692881729457705	0.12776459127360423	3.379069738073761	0.0008413839000988393	0.5275477053619723	0.2777382616441532
ATF2	0.24999919960910486	-0.1029972265274658	3.3233623077359824	0.0010260787586413018	0.6433513816680962	0.1915517620089128
TCFL5	0.39569822537977106	0.07443272985969698	3.291006943499943	0.001139854314863381	0.7146886554193399	0.14588311159952322
USF2	0.19330562322589506	-0.07412149531093137	3.288344391548762	0.0011661052065633818	0.7311479645152404	0.13599472472505358
SPI1	0.35694649212385604	0.0017131684347290678	3.2771725370654616	0.001201785377918796	0.7535194319550851	0.12290554350588677
NFATC2	0.3911805848761611	0.20251171797204465	3.24526149764624	0.0013381148877702	0.8389980346319155	0.07623905651279406
TEAD1	0.3299629713264105	0.012883108459130141	3.219393047527757	0.0014605984080204456	0.9157952018288193	0.03820163622295992
ONECUT2	0.4852137423370362	0.1934651196944779	3.2165437637671626	0.001453635190903109	0.9114292646962494	0.04027703095210898
REL	0.7276931831102117	0.34452223443435803	3.2065384332899733	0.0015463130661561874	0.9695382924799295	0.013435033532859637
NCOA4	0.46201825106485034	0.19410255074840083	3.185381707097695	0.0016404387821362027	1.0	-0.0
ID1	0.2610568532117699	0.03660982300137184	3.1467362704375943	0.001847897759838874	1.0	-0.0
HEXIM1	0.6688400763900731	0.209557908259649	3.1389374694536416	0.0019738682201261063	1.0	-0.0
PRDM1	-0.05964783705229103	-0.33084406574142206	3.132580395454217	0.0019073614188545409	1.0	-0.0
ELK4	0.3406151797647088	0.032174981650838666	3.1118013599667957	0.002090327652887962	1.0	-0.0
MECP2	0.5333237639662235	0.1496963659216974	3.1099778380210776	0.0020966555396421515	1.0	-0.0
HIC1	0.19930848604937745	-0.20252641821977532	3.077508058277005	0.002417880448434381	1.0	-0.0
NR1I3	0.11471124542713006	-0.027638296244519214	3.046554387941595	0.0025385826668498537	1.0	-0.0
NKX3-1	0.2863969782660768	-0.04513883948964249	3.0373337494757555	0.0027000542790011147	1.0	-0.0
KAT2B	0.7252384648197631	0.46621587106235585	3.019150955706847	0.002841407941302581	1.0	-0.0
ECD	0.1961973070608575	0.06774821577630175	3.007247459093342	0.002948216844876618	1.0	-0.0
CEBPA	0.155780843396642	-0.17328140339769568	3.000553393859577	0.0030091677445350665	1.0	-0.0
FUS	0.3346040532778247	0.10074494385229327	2.999779920430641	0.0030277671919353615	1.0	-0.0
ANKRD1	0.14330398739297856	0.009463545940135588	2.996041800982035	0.0029862687925285643	1.0	-0.0
FOXD3	0.32650567750900406	-0.0009052362635459785	2.9879896910272823	0.003185950102020942	1.0	-0.0
TFAP2B	0.2710650548307145	-0.13273839833711368	2.986861829294818	0.0031344316067803565	1.0	-0.0
TFAP4	0.5237717270956194	0.2942217179509671	2.9780319959068686	0.0032171744648829795	1.0	-0.0
NCOA1	0.7605138969823728	0.4747427657040581	2.967646664521086	0.003338422461095551	1.0	-0.0
IRF9	0.7639051453154609	0.4783158182469706	2.951994370115749	0.0035262013121664638	1.0	-0.0
SRCAP	0.3657174207233497	0.10962732440394546	2.918997535260462	0.0038283666951126004	1.0	-0.0
TLX1	0.49875899743665975	0.19665682564969608	2.886363102569762	0.004365565085465359	1.0	-0.0
PITX3	0.2064727141439264	0.03892528512803396	2.8612613070024437	0.004650752259518487	1.0	-0.0
LEF1	0.38739004932016974	0.14042239294969505	2.8439053102773815	0.004781983130475879	1.0	-0.0
DBP	0.12089784343693388	-0.10464937688818672	2.8421090940305898	0.004834371114923709	1.0	-0.0
HOXA10	0.17396893080005227	-0.033922595672216393	2.8228646691681036	0.005172854822269573	1.0	-0.0
MAF	0.19163878359842154	-0.06789145246412776	2.814350464281426	0.0052510941857723025	1.0	-0.0
PHOX2B	0.1910372857041359	-0.03799160029271831	2.7696382879813544	0.006078166005098034	1.0	-0.0
REST	0.3472617996547245	0.11836198466278969	2.74808092600326	0.006470097910793282	1.0	-0.0
TFAP2C	0.17668710259294168	-0.1624861808396475	2.7448273613229603	0.006550233337190251	1.0	-0.0
SMARCB1	0.03986012520804821	-0.17423516840290268	2.7310975891697464	0.006651405560539125	1.0	-0.0
SMARCA1	0.03986012520804821	-0.17423516840290268	2.7310975891697464	0.006651405560539125	1.0	-0.0
EP300	0.17503986469935173	-0.15363784728001587	2.7232334417734942	0.006929194237190785	1.0	-0.0
GATA2	0.2283592359070468	0.009080632775015592	2.7186167587262924	0.007082199208737673	1.0	-0.0
HDAC9	0.052260735137310665	-0.1913707067509932	2.710337938200212	0.007157855289157683	1.0	-0.0
KAT5	0.3918770094849732	0.1787046819529752	2.699313682074623	0.007403307576609831	1.0	-0.0
HOXA9	0.19197441971691634	-0.014215950887120138	2.666326427137444	0.008209569891024452	1.0	-0.0
GATA3	0.23648845154424603	0.007174440968194341	2.6084875760672435	0.00957273351622045	1.0	-0.0
GLI2	0.038737574697484886	-0.20016767956550763	2.5852343343101256	0.010324060928964582	1.0	-0.0
BHLHE41	0.4743885766917023	0.17254263899553157	2.5803225206848666	0.010624453195739007	1.0	-0.0
KLF14	0.5690665772950745	0.24623580617812585	2.553761870910458	0.011295801047550106	1.0	-0.0
HOXA5	0.42760680050798877	0.23754051377520463	2.513004278906881	0.012544124995463982	1.0	-0.0
KLF3	0.4230228995198531	0.1661385740394651	2.4901090567773654	0.01340706564097287	1.0	-0.0
NELFCD	0.7159820408672962	0.38836041517911407	2.465310175119476	0.014583493073186687	1.0	-0.0
GLI1	0.13297494645810867	-0.1112829922194162	2.441833601907193	0.015338956479188696	1.0	-0.0
ZIC1	0.2971042690602317	0.09419200434682061	2.4336205563429583	0.01572026813604453	1.0	-0.0
HOXA11	0.08145752169115553	-0.1382924446789918	2.426131773802759	0.0159754184658668	1.0	-0.0
GZF1	0.08145752169115553	-0.1382924446789918	2.426131773802759	0.0159754184658668	1.0	-0.0
HNF1A	0.28021828600810295	-0.030103378814584837	2.4256663769114515	0.016144250968630383	1.0	-0.0
CRTC1	0.2909282322914585	0.08519801629843825	2.419783100966252	0.016274218078383924	1.0	-0.0
PAX5	0.5059934970210856	0.302615213806013	2.4112100007759185	0.01660180838896503	1.0	-0.0
TRIM16	0.0846976439506018	-0.06575861198704366	2.370225599973975	0.01868423948466528	1.0	-0.0
NFATC1	0.09115760561829996	-0.0257516425493129	2.3659014695737888	0.018893204663018207	1.0	-0.0
ING1	0.6424927692574003	0.4063973458574714	2.348677647042486	0.019679771378489117	1.0	-0.0
TAF1	0.849203895043933	0.5969034318950658	2.32392762631122	0.021124765475433765	1.0	-0.0
KDM4C	0.23681542920075282	-0.003031567355371463	2.287780396874678	0.02294485951982637	1.0	-0.0
TWIST1	0.4281070346658458	0.23884327563523058	2.26649776708364	0.024254133507738432	1.0	-0.0
NR1D1	0.14431651332206905	-0.02281314149911898	2.217827181316817	0.027503757311862848	1.0	-0.0
HMGB2	0.18155746413030419	0.03521687826603915	2.1817215892170787	0.029998128846630376	1.0	-0.0
MAML1	0.14197162694678148	-0.06716411144201653	2.167658251414432	0.03114889799974433	1.0	-0.0
BACH2	0.23340112334496327	-0.027549633236847365	2.1636854106357064	0.031576209414763495	1.0	-0.0
KDM2A	0.5829605772897508	0.29497685690691644	2.161676078981454	0.03163293942666642	1.0	-0.0
ING4	0.853516703648086	0.6226894210718765	2.117763904056834	0.035348481677143585	1.0	-0.0
ETV3	0.1279793463910384	-0.05219029635165774	2.104257060213491	0.03646538776200625	1.0	-0.0
HDAC2	0.27485398636316266	0.09811527782148964	2.0477169629771557	0.04165403147354938	1.0	-0.0
ID3	0.14915228269477707	0.04659433847034518	2.0391147444637383	0.04246657729414087	1.0	-0.0
LDB1	0.14915228269477707	0.04659433847034518	2.0391147444637383	0.04246657729414087	1.0	-0.0
TEF	0.10926193566900683	-0.17254733430859592	2.0304566762350507	0.04335134210408748	1.0	-0.0
MEF2A	0.16143490895529855	-0.009432405809156259	2.0225744701218686	0.04430293647026762	1.0	-0.0
COPS5	-0.09921485747043808	-0.34619916375190696	2.0113454768915555	0.045499575379399165	1.0	-0.0
MBD2	0.18455661911048	-0.02888354207175349	2.000139224052221	0.04659757137138653	1.0	-0.0
SP7	0.1354300366454852	0.019390295289753504	1.984912787046213	0.04829641914510431	1.0	-0.0
NR5A1	0.298255245384605	0.10776220342917396	1.971315135967211	0.05000509823489137	1.0	-0.0
NR3C1	0.44836923685225066	0.2859542305166905	1.958035895323605	0.05125677749701644	1.0	-0.0
HBP1	-0.20445663278528378	-0.38479903880890426	1.948800511581269	0.05265579955005434	1.0	-0.0
CREBBP	0.425640408613224	0.26267564553790945	1.9253208714742858	0.055467394453042246	1.0	-0.0
ATF6	0.1702418352783064	0.058255113440311236	1.9148085358432145	0.0565364448107813	1.0	-0.0
EBF3	0.9132806095947295	0.6792737934573932	1.8683767982251738	0.06304980722796724	1.0	-0.0
ZNF382	0.06813534529016392	-0.12725479670320716	1.8384567637837694	0.06735211306408653	1.0	-0.0
ETS2	0.007827660687719331	-0.1736059023729102	1.8177775280420183	0.07024192428869575	1.0	-0.0
ELK3	-0.02581756226848857	-0.12964510354413822	1.7975704309477156	0.0733841306463796	1.0	-0.0
HNF4A	-0.13761858809739597	-0.28745655731026337	1.797260345262411	0.07358870585510205	1.0	-0.0
FOXO4	0.5592377435636173	0.3642993128688524	1.721457888268793	0.0864265461295617	1.0	-0.0
NUPR1	0.556945994802729	0.383928717068523	1.704883733508925	0.08957952360993097	1.0	-0.0
SIN3A	0.1099137721552733	-0.013635229598451174	1.6980902605733328	0.090821395567153	1.0	-0.0
NFYC	0.2812750102160637	0.14092852590649088	1.6892153445313975	0.09237604605115733	1.0	-0.0
PLAGL2	0.30246130656951586	0.1505663133750239	1.6824614798644721	0.09361799229248166	1.0	-0.0
ATF7	0.11496556144332847	0.004183589515522355	1.6656694981071163	0.09709757850890544	1.0	-0.0
BACH1	0.04520313288651473	-0.09399858387173811	1.6534468003446965	0.09974998574168734	1.0	-0.0
BCL11A	-0.02937000035737692	-0.12307274611253133	1.5644095931688706	0.11885011163494585	1.0	-0.0
PDX1	0.05290879799996899	-0.0362205335360357	1.5225979569639156	0.12887901043759936	1.0	-0.0
NELFB	-0.18666131228912186	-0.4009759778970116	1.519508981669641	0.12967187500223432	1.0	-0.0
RB1CC1	-0.08705947071502262	-0.15667496100187814	1.4607728622152276	0.1454205664115224	1.0	-0.0
NCOA3	0.19280317873579933	0.037314748155567734	1.4570822508557104	0.14641130608986028	1.0	-0.0
SRSF1	0.0846437140777183	-0.02959762146045783	1.4369250082652312	0.15194711761091842	1.0	-0.0
NFIX	-0.16440773505595818	-0.3568145858389101	1.4172137904776667	0.15770871418551946	1.0	-0.0
PA2G4	0.08409583767531996	-0.03503360368954047	1.3879620293826156	0.16645448558914078	1.0	-0.0
FOXL1	0.025892575261702386	-0.17233188826935594	1.364452553453445	0.1736160718591845	1.0	-0.0
TBX5	0.00843109800388297	-0.07528264715948986	1.3637033471363758	0.17380505488292552	1.0	-0.0
MTA1	-0.0697777520464902	-0.16965600935783334	1.3633519627070296	0.1739841369275285	1.0	-0.0
CREB5	0.28750798880652745	0.1761875404861258	1.3385187060368	0.18181681749429338	1.0	-0.0
SRF	-0.053934000455602045	-0.1941152469539136	1.3326313491828077	0.1839668877108627	1.0	-0.0
EPAS1	-0.00757058996239174	-0.15060637705016885	1.3301120425660795	0.1846990994228793	1.0	-0.0
DNMT1	0.06229699857252131	-0.045505780971283	1.3229216827292845	0.1870000674275218	1.0	-0.0
GCM1	0.2449994309577427	0.1566142630516944	1.3197800195050768	0.1881116374530198	1.0	-0.0
TBPL1	-0.023374337874162876	-0.07268591203992339	1.3122560543617023	0.19073072119509485	1.0	-0.0
CREB3	0.022216567796469282	-0.17804924772053182	1.3089940492836194	0.19172960144937629	1.0	-0.0
BARD1	-0.004434488990128443	-0.0797735870016437	1.2968582434929083	0.19590514384276064	1.0	-0.0
KDM4B	0.25843826619611215	0.1548049444100072	1.2816056058865959	0.20137656319360508	1.0	-0.0
NCOR2	0.25843826619611215	0.1548049444100072	1.2816056058865959	0.20137656319360508	1.0	-0.0
NKX2-1	0.033813084584825445	-0.06564721028725173	1.26605449440412	0.20661736584648605	1.0	-0.0
ETV5	0.07941783389841181	-0.02197615652380826	1.258307347454527	0.20963086108017848	1.0	-0.0
RARG	0.07941783389841181	-0.02197615652380826	1.258307347454527	0.20963086108017848	1.0	-0.0
TRPS1	-0.004699814007120985	-0.03159698270064393	1.2508611613110436	0.21215169901563916	1.0	-0.0
NFIB	0.6166046683195539	0.4859390840471083	1.1993828785917802	0.23176193807292725	1.0	-0.0
APC	0.13594719401904062	0.016099984035759234	1.1976450273087627	0.23241441534351603	1.0	-0.0
TRIM28	0.19602209887316852	0.13018449101761212	1.197476600182267	0.23233259785131288	1.0	-0.0
ZFHX3	0.5469127855501343	0.43018751468130956	1.1893790643782491	0.2354574402910868	1.0	-0.0
HDAC11	0.18222261918870158	0.09869029503463728	1.1611376544744765	0.2467402586468147	1.0	-0.0
SKI	0.46578057193675576	0.3756100277066213	1.1283471679492592	0.2603646058911349	1.0	-0.0
NFYA	0.29660637922517147	0.199685844539919	1.0846514161703116	0.27918377547042894	1.0	-0.0
ZNF224	-0.04676295103531623	-0.15257000621372085	1.0837104631543306	0.2796436201220057	1.0	-0.0
SPIB	0.037350105081987356	-0.07161176304346148	1.0685932084786673	0.28637630866675046	1.0	-0.0
STAT3	0.27905490153200957	0.17750078433135483	1.0394926471766728	0.29972951823963095	1.0	-0.0
MAZ	0.011510997983534013	-0.0897325197062349	1.027523511785497	0.3053092405586419	1.0	-0.0
HSF2	0.004890041144284724	-0.04233217202544808	1.0182361599131549	0.3093779895122966	1.0	-0.0
NCOR1	0.36921295596043846	0.26279434207956265	0.9978430243534226	0.3193987645651046	1.0	-0.0
CEBPB	0.17928070149154146	0.07512173425301202	0.9965461142391209	0.32011624969651253	1.0	-0.0
CLOCK	0.17105595433123538	0.07982371371091551	0.9765691520165336	0.32974480810560247	1.0	-0.0
PCGF2	0.09191290138434229	0.03259401237877675	0.9749018908048458	0.33048163884599513	1.0	-0.0
FOXA2	0.18385361031627676	0.09462113169893042	0.9395585035519715	0.3483808309934203	1.0	-0.0
HHEX	0.10213018004585994	0.07024474859531461	0.939126270054112	0.3485497434564002	1.0	-0.0
NFYB	0.13123730659246463	0.06157023359964364	0.9177774411527316	0.35953554188841375	1.0	-0.0
PAX3	-0.013230769798964327	-0.08813908887313497	0.9022630667523105	0.36774823211034535	1.0	-0.0
BCL3	0.07649117974357993	0.018456997775142613	0.8881060207927431	0.3753838178810288	1.0	-0.0
RARA	0.038158815993667335	-0.04143105379081473	0.8804187599658229	0.3795725979999509	1.0	-0.0
HNF4G	-0.054163782715085526	-0.12776501002473434	0.8775465240522876	0.3810826160664227	1.0	-0.0
ETS1	-0.16682901804513778	-0.2561738861488051	0.863099150436021	0.3889751555371933	1.0	-0.0
CUX1	0.1170232655251665	0.025674630296107576	0.8575085852449778	0.39199555878727477	1.0	-0.0
CEBPG	0.0875008496574659	-0.0009153747260365739	0.8309172486147597	0.4067803928693434	1.0	-0.0
TFPT	0.13625941154783208	0.05561341660019351	0.8055765151146562	0.42130012487408963	1.0	-0.0
USF1	-0.058158049612802576	-0.11233765134340884	0.8028951397353856	0.4227681432812075	1.0	-0.0
LRRFIP1	-0.08568571347290832	-0.13798302183577452	0.7895388201159524	0.4304288800729711	1.0	-0.0
MXI1	-0.16575603951948625	-0.2548449982567259	0.7866624678181235	0.43254335468246374	1.0	-0.0
ENO1	-0.16575603951948625	-0.2548449982567259	0.7866624678181235	0.43254335468246374	1.0	-0.0
ATF3	0.30742041555406	0.22100215542582255	0.7582549343273651	0.4490391290167818	1.0	-0.0
NR1H4	-0.11097637457601035	-0.16964808581048094	0.7517458849552467	0.4528482105260867	1.0	-0.0
ESR2	0.6353965368839072	0.5590132049755221	0.7264021734955015	0.46819541596164405	1.0	-0.0
NFATC3	0.5672724381731126	0.4729942689013558	0.7021428376473833	0.48313804125650095	1.0	-0.0
RBMX	0.21068829928790528	0.13211666839536693	0.6630318825803855	0.5080318516246143	1.0	-0.0
CRABP2	0.0545187125452325	0.023447627401375286	0.6300950110978869	0.5292322474547361	1.0	-0.0
RXRA	-0.11172403046792961	-0.16473680103370586	0.5781253865087355	0.5637369425613432	1.0	-0.0
CTNNB1	0.22244265411153252	0.1771044997025772	0.5728328804281817	0.5672207067926622	1.0	-0.0
HINFP	0.0048163591755618265	-0.014276027253913753	0.5529664275710864	0.580747941077867	1.0	-0.0
PROX1	0.1544948119007986	0.11370226165234264	0.5011631838977423	0.616690244104882	1.0	-0.0
OTX2	0.25541595376005255	0.21357292067538425	0.49764266560407255	0.619153317229074	1.0	-0.0
POU2F1	-0.19578303384096088	-0.23583781934491962	0.47472092223985346	0.635530486067782	1.0	-0.0
PBX2	-0.07016655906429986	-0.11270511417997235	0.4023412589299587	0.6877570783632119	1.0	-0.0
XPC	0.1570299154479401	0.13406301140661342	0.3625641571816109	0.7172247225326511	1.0	-0.0
WWTR1	-0.031750763073768944	-0.0662374162618079	0.35005298857895456	0.7266389439007546	1.0	-0.0
PAX6	-0.092588779589699	-0.12240905373369522	0.29881551214357505	0.765361539533327	1.0	-0.0
HDGF	0.008955868301921048	-0.015544590263905757	0.28731180302618614	0.7741309191617105	1.0	-0.0
LHX4	0.05194751157355738	0.042158259061494154	0.26787862698764303	0.7890053463000368	1.0	-0.0
DNMT3A	0.22909154585595218	0.20258812611927635	0.2668889602740516	0.7898203581299214	1.0	-0.0
HR	0.08047053895552406	0.055914899547938275	0.2549498827947103	0.7989723165123196	1.0	-0.0
RARB	-0.022664133905681103	-0.03210589442909381	0.2519767399205313	0.8012566743343995	1.0	-0.0
KLF9	-0.13784907103437974	-0.15764887822720516	0.22570713175051094	0.8216553607759683	1.0	-0.0
HAX1	-0.16505346210562533	-0.17718704545325561	0.20760563084858055	0.8356981513401436	1.0	-0.0
PHOX2A	-0.06831723900908555	-0.08131512555377428	0.20542201031345686	0.8374036890376217	1.0	-0.0
NR3C2	-0.1372882692520019	-0.15449970144620828	0.19307011736208507	0.8470989824145057	1.0	-0.0
DDIT3	-0.011826152027123919	-0.023646446645665942	0.18965917014597952	0.8497256716294799	1.0	-0.0
SIRT2	-0.3495060873545535	-0.36865562617300746	0.17499226181006253	0.8612385045991399	1.0	-0.0
NR2C2	0.083981427342407	0.07705803666729578	0.1537913133540008	0.8779082474493147	1.0	-0.0
HDAC1	0.006312315799686112	-0.009492625716986626	0.1487098005070057	0.8819302571014213	1.0	-0.0
SMAD7	0.09130908345593469	0.07772810695103381	0.12875163674863396	0.8976848406449895	1.0	-0.0
ATM	-0.025036389318160292	-0.033131874950587024	0.11998798131701319	0.9045658080794191	1.0	-0.0
SUPT3H	-0.22098468106968067	-0.23222466971345837	0.11717380391339664	0.906832119899576	1.0	-0.0
SOX9	0.014406354016729043	0.006914280177536555	0.11703497225099695	0.9069310885149845	1.0	-0.0
HOXC13	-0.11078765111871905	-0.1176194597114907	0.1164639291924818	0.9073686402481862	1.0	-0.0
PLAG1	-0.24512253512751994	-0.2548291715416473	0.10582965607233849	0.915799583207965	1.0	-0.0
SHOX	-0.0871276513252871	-0.09426056900234098	0.07397483433157771	0.9410940503980766	1.0	-0.0
ATF1	0.07356959972334319	0.06804270660476824	0.060319477616405194	0.9519554891941887	1.0	-0.0
HNF1B	-0.1444552109777317	-0.1488212889052288	0.056567688020822425	0.9549312045889997	1.0	-0.0
EN1	-0.0854277863158371	-0.08863055380714234	0.049984810950106796	0.9601714651468317	1.0	-0.0
ZNF239	-0.06855723558944506	-0.07014657612519465	0.0450708181950657	0.9640836366211046	1.0	-0.0
BTG2	-0.012860227613996635	-0.01494766102593604	0.02391489168410275	0.9809395107261791	1.0	-0.0
YY1	0.17831421799642072	0.177102592033839	0.0159905505168087	0.9872555808029971	1.0	-0.0
LHX3	0.1361788802748481	0.1370225438082791	-0.019429683735660598	0.98451318667302	1.0	-0.0
GATA4	-0.0718137185265331	-0.06765051376876063	-0.056392922129707805	0.9550750442477934	1.0	-0.0
ZBTB7A	-0.22418677517851657	-0.2170768399230942	-0.06476104298843671	0.9484175849308963	1.0	-0.0
RELA	-0.13403564270029408	-0.12400303259962053	-0.0947492014537154	0.9245948667065793	1.0	-0.0
HOXC9	0.03320071319488091	0.03681341185801545	-0.10553595459021727	0.9160330337251235	1.0	-0.0
HOXC10	0.03320071319488091	0.03681341185801545	-0.10553595459021727	0.9160330337251235	1.0	-0.0
ZBTB14	0.30480713122944714	0.3186314652247824	-0.12827039640748256	0.8980631827881902	1.0	-0.0
DDB2	-0.28178814336949665	-0.2705326961104551	-0.14911281211549396	0.8815950459638919	1.0	-0.0
SRY	-0.028047793062707417	-0.009558650305026757	-0.1881309710720566	0.8509352169788099	1.0	-0.0
CHD4	0.22128329719367237	0.23885221177346683	-0.190187871021621	0.849316315333098	1.0	-0.0
IFI16	-0.1735676008367741	-0.15051998416820625	-0.19621746455413516	0.8446542111904225	1.0	-0.0
STAT2	0.08585002248687405	0.10396877118297758	-0.2387774780524312	0.8115056634968342	1.0	-0.0
FOXF1	0.10661735593079907	0.11457908339761513	-0.252933830792768	0.8005111338746828	1.0	-0.0
LMO3	0.09340082142472858	0.10923448691748457	-0.2704856949926561	0.7870029620017244	1.0	-0.0
AIP	-0.25586128946831865	-0.23061481374887777	-0.27232894967854987	0.785556547050305	1.0	-0.0
SIM2	-0.11061568563532323	-0.09539382985298905	-0.2796518103657423	0.7799978416524532	1.0	-0.0
NR0B2	-0.14691837124881565	-0.12530592830322398	-0.2852974721451859	0.7756591458900242	1.0	-0.0
DLX5	0.05476368422609712	0.08995450390369544	-0.28953161631996954	0.7724843209495454	1.0	-0.0
NANOG	0.09133701045029533	0.11926476051796941	-0.29078382784887835	0.7714940817537624	1.0	-0.0
ERF	-0.2235194039946598	-0.19661659403748113	-0.2982344483683309	0.7657751262888606	1.0	-0.0
SOX2	-0.003698908987288874	0.023884383873995278	-0.3059509984199332	0.7599377715374488	1.0	-0.0
ERG	-0.1959778434022823	-0.1716381957434871	-0.3074424310968063	0.7587655697857301	1.0	-0.0
ZIC2	-0.01979560117734555	0.01764719125027464	-0.3299275315085233	0.7417338443526335	1.0	-0.0
HOXB13	-0.01979560117734555	0.01764719125027464	-0.3299275315085233	0.7417338443526335	1.0	-0.0
HOXB1	-0.01979560117734555	0.01764719125027464	-0.3299275315085233	0.7417338443526335	1.0	-0.0
STAT5B	-0.1356220668353296	-0.10610740975125786	-0.3375181690770791	0.7360320314258957	1.0	-0.0
CBFA2T3	-0.28138096333770707	-0.24310821874548227	-0.3582266715463217	0.7204937441755666	1.0	-0.0
TRRAP	-0.24684559260626765	-0.2052309879665118	-0.3857454477998292	0.7000021986559397	1.0	-0.0
MAFA	-0.2129945332895509	-0.18498116524595118	-0.38633280421026733	0.6995723392367321	1.0	-0.0
IKBKB	-0.05633241963066145	-0.017657958972878744	-0.39229286056438917	0.6951608697920573	1.0	-0.0
PKNOX1	0.035259049321602606	0.06120291554373188	-0.4065520554988907	0.6846998815273708	1.0	-0.0
NFKB1	-0.11564850933274862	-0.07083521505426027	-0.4134389518466679	0.6796746039656637	1.0	-0.0
TP63	0.16008948952377786	0.1998913437849256	-0.41391048093787913	0.6792452756117756	1.0	-0.0
NFAT5	-0.10395715634671199	-0.04809624554609926	-0.4394410942471996	0.6607793090815093	1.0	-0.0
BRD7	0.13056761989262056	0.16826067845216067	-0.4642720140651264	0.6428485505352224	1.0	-0.0
SMAD4	0.23338678923171877	0.2816557372107266	-0.4943972461519757	0.6215235532206812	1.0	-0.0
NAB2	0.014835527570380707	0.05328732466738401	-0.5055906197753502	0.6136561118422719	1.0	-0.0
SOX10	-0.03296417099440004	0.0034118641502965744	-0.5604260295993669	0.5756798283327086	1.0	-0.0
FOSL1	0.04359869875990938	0.09193094959393122	-0.569775427579563	0.5693887077584212	1.0	-0.0
CREB3L1	-0.1756362339265666	-0.11520106220553232	-0.5809178822476361	0.5618336318088373	1.0	-0.0
SKIL	0.09158483555231595	0.13800552509282088	-0.5825184715431704	0.5607288000001477	1.0	-0.0
SLC2A4RG	-0.03649661759472779	-0.022270619142439434	-0.5932093464612838	0.553471275139424	1.0	-0.0
VHL	0.15097122488768722	0.2199906691137106	-0.6004785565940151	0.5487072326787695	1.0	-0.0
TTF2	0.09092420739368079	0.13685027249021778	-0.607872598098191	0.5437859387264896	1.0	-0.0
POU5F1	-0.28049557948072146	-0.21485782107147616	-0.6162992476170551	0.5382911717637875	1.0	-0.0
CEBPE	-0.1153174533760009	-0.0474152528324327	-0.6361819017269914	0.5252621740970271	1.0	-0.0
ZNRD1	-0.25793175418526765	-0.2054951137530615	-0.6644614527149616	0.5070488128492223	1.0	-0.0
PPARG	0.15293115065047996	0.22497785698902428	-0.6680502865953752	0.5048424097829032	1.0	-0.0
SETBP1	-0.06850023337441688	-0.00483307419989505	-0.684735474043856	0.4941830269887225	1.0	-0.0
KLF15	-0.17450513712927293	-0.1354513263975615	-0.6916042588216136	0.48989539823253947	1.0	-0.0
MLLT3	-0.5129325035159764	-0.44235284994224977	-0.7022157016120015	0.48323674082097423	1.0	-0.0
NFE2L1	0.12526256016029466	0.21704402110176058	-0.7431644265371083	0.4580996754010854	1.0	-0.0
RUNX3	0.1878018170832311	0.2754963076376352	-0.7582429586195745	0.4491276469298904	1.0	-0.0
MXD1	-0.26944014913910297	-0.23698008474157922	-0.8337270382431833	0.40534745580387355	1.0	-0.0
BCL6	-0.14950127079498915	-0.07460688565568019	-0.8528660687959896	0.3947366862266276	1.0	-0.0
HOPX	-0.27471590470145313	-0.15748043592409863	-0.8793678805089769	0.3801739131085047	1.0	-0.0
XRCC5	0.035077985441670234	0.11914114636384741	-0.8859233534247801	0.3764876119850058	1.0	-0.0
SP100	0.035077985441670234	0.11914114636384741	-0.8859233534247801	0.3764876119850058	1.0	-0.0
DUX4	-0.3012154268210067	-0.20446288995561523	-0.8865076862414785	0.3761739451687779	1.0	-0.0
FOXF2	0.002014676709897046	0.11282636291060422	-0.9091346400084455	0.3641755346815745	1.0	-0.0
BTF3	-0.06293588743404523	-0.004136271991532138	-0.9189018707355704	0.35898306169766425	1.0	-0.0
ELL	-0.5778621520177065	-0.48090296492467705	-0.9296529525104935	0.35360286573356947	1.0	-0.0
IRF2	0.2132596441066762	0.302185497807575	-0.9375241296863648	0.34939335345421496	1.0	-0.0
SOX17	-0.1627741169464379	-0.08129449020252974	-0.949191787122395	0.3436882275770704	1.0	-0.0
RBPJ	-0.1421327973464453	-0.05282419454907566	-0.9737711631115292	0.3312552668018276	1.0	-0.0
MEIS1	-0.15744200414849557	-0.0667558875750445	-0.9763111708311645	0.3298519062671572	1.0	-0.0
ILF2	-0.03806865589752651	-0.004693374059172203	-1.0410228211312433	0.2987280957165553	1.0	-0.0
PIAS2	0.01218300550845824	0.11487461711575975	-1.0502626565475164	0.29485554403658604	1.0	-0.0
ELF3	-0.2055638726984578	-0.07866800574405612	-1.0601515270436892	0.2902531420806647	1.0	-0.0
KLF11	-0.12106564784909392	-0.05967699953322884	-1.0642422423022715	0.28809991536496005	1.0	-0.0
THRA	0.09744536590543462	0.18652990356244778	-1.0828581510444826	0.2800033883619793	1.0	-0.0
ZNF267	-0.08204927739892355	0.04742999236140385	-1.092700336050958	0.27544539937640045	1.0	-0.0
GBX2	0.19990421682210172	0.31310205803276914	-1.0959312971466033	0.2741816459448912	1.0	-0.0
ZMYND11	0.19990421682210172	0.31310205803276914	-1.0959312971466033	0.2741816459448912	1.0	-0.0
ETV4	-0.27321676135055617	-0.15788552936740136	-1.117844059203166	0.2649265424647124	1.0	-0.0
LYL1	-0.14429957695945614	-0.06535001086571328	-1.1241942581718811	0.2619528799624117	1.0	-0.0
DAXX	0.0028755353868764	0.052764289355854394	-1.141883421337176	0.2546115001189952	1.0	-0.0
KHDRBS1	-0.10687198027575806	-0.022629098780257425	-1.1507991304017813	0.2509839860216887	1.0	-0.0
TGIF1	-0.0194402485312003	0.08440291468427559	-1.1613786904557888	0.24658813838078944	1.0	-0.0
NFKB2	-0.14572801911556962	-0.03509456902222996	-1.1763947918388922	0.2403433589123542	1.0	-0.0
TOB1	0.06970694619144702	0.12963925253553799	-1.1961677976590663	0.23281802977951938	1.0	-0.0
CTCFL	0.09090231863736196	0.20874807865093192	-1.2043489366237194	0.22966160091929103	1.0	-0.0
HMGA1	-0.09402224263317469	0.004039682686753481	-1.2056658995433482	0.2291735798191989	1.0	-0.0
SREBF1	-0.10770718003663135	-0.0009166148968954426	-1.2353793065356382	0.21769656098774867	1.0	-0.0
ARNT	-0.10272157360222173	0.009110543825608067	-1.2590226355163527	0.20922488643359077	1.0	-0.0
SP1	-0.1463123625736445	-0.047441453129147486	-1.277974079081592	0.2025382878747039	1.0	-0.0
DACH1	-0.09123578279997419	0.013246653232311898	-1.2887498625827014	0.1987883925422965	1.0	-0.0
ZNF444	-0.13860784433071638	-0.05168615543586025	-1.2890978887521019	0.19877041243010501	1.0	-0.0
SIRT1	-0.31276841075351586	-0.1890618919235104	-1.299434614984137	0.19496362281510596	1.0	-0.0
GFI1	-0.009304370312725126	0.1291030571234516	-1.3138996028482623	0.19011553253328486	1.0	-0.0
ARNTL	-0.10255338833452367	0.03856680708762927	-1.330064817979854	0.18474969413104797	1.0	-0.0
MYBL2	0.06593539526289006	0.22046321575440986	-1.3346586951435735	0.18371052591094658	1.0	-0.0
ONECUT1	-0.25618298510721477	-0.18249473927803392	-1.3389915420933343	0.1818080125384103	1.0	-0.0
HIF1A	-0.021726883185981535	0.1272941279502031	-1.4062370057938791	0.1610622615231345	1.0	-0.0
PML	0.0678622320243271	0.20529746625381431	-1.4651185215585043	0.14435522313105148	1.0	-0.0
LMO2	-0.16529528337730395	-0.06189485126841713	-1.4768289103453325	0.1408932505897209	1.0	-0.0
FOXO1	0.014128149014648348	0.14946006908463466	-1.5413848086098776	0.12446074703604526	1.0	-0.0
HAND2	-0.17997251799542524	-0.06105359820423624	-1.5668854037678854	0.11843443628731275	1.0	-0.0
MBD1	-0.27098085198436056	-0.13498820541985898	-1.5942080150002034	0.11218322788656004	1.0	-0.0
LIMD1	-0.05525510903083032	0.081970467033357	-1.5948478691667611	0.11192164103734076	1.0	-0.0
IRF5	-0.07731557956502663	-0.011431506477974319	-1.6029545287650764	0.11012413764834972	1.0	-0.0
NR2F6	-0.18380207159900322	-0.11143981916961179	-1.6082970711718387	0.10909421766886875	1.0	-0.0
RFX5	-0.06407744963936864	0.16493089861983162	-1.6127659159050256	0.10820362566371643	1.0	-0.0
PAX8	-0.3158026832546603	-0.16286975348720012	-1.6234911707413235	0.105895780888589	1.0	-0.0
VEZF1	-0.1260602612695705	-0.06450798627285691	-1.6447009938950647	0.10118930656007048	1.0	-0.0
POU1F1	0.10787112160025895	0.23485405921928232	-1.6448090897655532	0.10124519604053042	1.0	-0.0
IKZF1	-0.13231933840254756	0.018447912754060193	-1.6777822575031875	0.09463064819680016	1.0	-0.0
SPIC	-0.2317137876811188	-0.16714986440808632	-1.6786232434574468	0.09441438404554588	1.0	-0.0
EHF	-0.30792064800766444	-0.08643934842648114	-1.7017547766496302	0.09010165243894527	1.0	-0.0
HDAC5	-0.0538804779600962	0.08143018403513085	-1.7664586320030566	0.07855483064234846	1.0	-0.0
TBX21	-0.09703896301372814	-0.008171909158881592	-1.7781392462140284	0.07645658821252117	1.0	-0.0
KLF13	-0.11691140319539611	0.003567129789058465	-1.8003729015079502	0.07321140647430152	1.0	-0.0
MYOG	-0.02679001678810652	0.049243249856832864	-1.8232428466481156	0.0697310091880194	1.0	-0.0
FLI1	-0.13737733221257378	0.030917297395070632	-1.9503779668189376	0.05238029197335039	1.0	-0.0
ESRRG	-0.046412777481406944	0.08243165339001352	-1.9590766233791193	0.051220170859394135	1.0	-0.0
CTCF	-0.22662256634500758	-0.08645558402398462	-1.9605522203461287	0.05098732813076833	1.0	-0.0
ZBTB2	-0.5355365868275764	-0.3653180383198914	-1.9622580113866999	0.05082532094078017	1.0	-0.0
FOXH1	-0.35825891045270797	-0.18918672691232338	-2.0063697926838238	0.04606758742367977	1.0	-0.0
URI1	-0.35825891045270797	-0.18918672691232338	-2.0063697926838238	0.04606758742367977	1.0	-0.0
NCOA2	-0.35825891045270797	-0.18918672691232338	-2.0063697926838238	0.04606758742367977	1.0	-0.0
HEYL	-0.35825891045270797	-0.18918672691232338	-2.0063697926838238	0.04606758742367977	1.0	-0.0
TCF4	-0.567663182214691	-0.3874346867339846	-2.009075759190683	0.04573396820529363	1.0	-0.0
KCNIP3	-0.09588742664440347	-0.016622184216083344	-2.0781843766237738	0.0386160782935556	1.0	-0.0
CREG1	-0.0330797382471052	0.06569153848118943	-2.091031704643454	0.03747036289383639	1.0	-0.0
KLF5	-0.7496265575189796	-0.4971641649185012	-2.101897975564153	0.03661145992198709	1.0	-0.0
KLF12	-0.3397359293305109	-0.18876969027446255	-2.1196185630745568	0.03487843821674284	1.0	-0.0
NR2E3	-0.07406497980495114	-0.022564446814886778	-2.1258010389260362	0.03453347705049688	1.0	-0.0
NFKBIA	-0.26717927667320557	-0.07069336119425605	-2.126980582150234	0.03437399253223092	1.0	-0.0
ZNF143	-0.4484246761602121	-0.26706435452297855	-2.172840356323364	0.030975441997881437	1.0	-0.0
ARNTL2	-0.3929925781939326	-0.15829320081890272	-2.1788686626326075	0.030207080129451568	1.0	-0.0
ESRRA	0.05424712489092829	0.2484552550574186	-2.179246688502181	0.030177389421249277	1.0	-0.0
AR	-0.10393544271345677	0.06325124025227886	-2.2000570400361745	0.028716536347712252	1.0	-0.0
NR4A2	-0.2146516586973704	0.11584393477981943	-2.2133816182979498	0.02793210016857203	1.0	-0.0
SMAD3	-0.18124707298578838	0.048316952804350034	-2.223451868580226	0.02715676925101543	1.0	-0.0
GATA1	-0.3944392682354953	-0.20891231905513383	-2.2378408207337035	0.026009064028305315	1.0	-0.0
EGR1	-0.2320898146263572	-0.03481743456661161	-2.240058772134148	0.026105712860059766	1.0	-0.0
AATF	-0.22240234081278262	0.049651908677624285	-2.2451619914141254	0.02588540628246746	1.0	-0.0
TRERF1	-0.39146103620882455	-0.14442125611947296	-2.2956567719320775	0.022413010506658823	1.0	-0.0
DEAF1	-0.16115132817342606	-0.07506946636729114	-2.3360827275478835	0.020341959611212067	1.0	-0.0
NFIA	-1.0131012538513249	-0.7136555759597094	-2.3563495115678386	0.019345637495570694	1.0	-0.0
ZBTB17	-1.0131012538513249	-0.7136555759597094	-2.3563495115678386	0.019345637495570694	1.0	-0.0
CBX8	-1.0131012538513249	-0.7136555759597094	-2.3563495115678386	0.019345637495570694	1.0	-0.0
FOXG1	-1.0131012538513249	-0.7136555759597094	-2.3563495115678386	0.019345637495570694	1.0	-0.0
KLF16	-1.0131012538513249	-0.7136555759597094	-2.3563495115678386	0.019345637495570694	1.0	-0.0
ZBTB5	-1.0131012538513249	-0.7136555759597094	-2.3563495115678386	0.019345637495570694	1.0	-0.0
SND1	-0.5202604921425376	-0.2579193911135811	-2.3649632715693834	0.01887097158500421	1.0	-0.0
JUN	-0.29110692876066807	-0.042468696198782595	-2.4007752893316017	0.017193177406115135	1.0	-0.0
CIITA	-0.2096478506130155	0.034534105576051737	-2.427959970932309	0.015991635331290433	1.0	-0.0
FOSB	-0.6155499917187643	-0.3467455771930851	-2.442720082856702	0.015236059265985999	1.0	-0.0
MYOD1	-0.1539377068368184	0.07450647691790498	-2.454185266500814	0.015014585028500003	1.0	-0.0
RFWD2	-0.3407487978529538	0.09675412701824578	-2.47886383338354	0.01398366589908197	1.0	-0.0
PAX4	-0.14486426023261179	0.10295068273703528	-2.491270367532006	0.013308058351301826	1.0	-0.0
TP73	0.3037091363851981	0.5832492258972238	-2.5018680781038327	0.013090269626664049	1.0	-0.0
ESR1	-0.44510317245209363	-0.22027593563999134	-2.5075961802902627	0.012792913850390098	1.0	-0.0
MEF2C	-0.15931745774559727	-0.05666623768562801	-2.5079869919571736	0.01280424567264683	1.0	-0.0
NFE2L2	-0.18230548057736976	-0.034410490514529074	-2.5098078381653455	0.012784001787013275	1.0	-0.0
ZNF76	-0.7836429698646911	-0.5378632486002478	-2.545967687157631	0.011583052177086937	1.0	-0.0
LMX1B	-0.29045357655721105	-0.06389883132663898	-2.559684724867398	0.011099244638001974	1.0	-0.0
TAL1	-0.344487394758045	-0.11737669083837529	-2.581415773761355	0.010432573014995615	1.0	-0.0
RELB	-0.29243284173713197	0.02478729080206323	-2.6841030544700586	0.007723376316643477	1.0	-0.0
NFKBIB	-0.2513339537558525	-0.12616867094691048	-2.686537738946014	0.007668771975190293	1.0	-0.0
MAX	-0.5684306044083748	-0.18478360631894533	-2.6940817926196754	0.007612047484684149	1.0	-0.0
SATB2	-0.20777810993633342	-0.02643415867220506	-2.70593983968208	0.007245467020443117	1.0	-0.0
XBP1	-0.5374967949475151	-0.300470238687493	-2.7534789571238854	0.006420393059952991	1.0	-0.0
NOTCH3	-0.20863440429756766	0.11930346006775962	-2.754132918883248	0.006301164676304654	1.0	-0.0
LHX2	-0.018942505015778214	0.16242514135355438	-2.7563979052519882	0.006241718546752128	1.0	-0.0
POU2AF1	-0.527357265259552	-0.251235381454679	-2.779556401057374	0.0058538579857769476	1.0	-0.0
HOXD9	-0.11342631707177595	-0.02939790566571055	-2.7938028952375933	0.005593824456412863	1.0	-0.0
GLI3	-0.1498972353413127	-0.004727000983402738	-2.7988812137852985	0.005560251993813102	1.0	-0.0
MED23	-0.13050225334393273	-0.01379452240940436	-2.800427386245948	0.005427720520956367	1.0	-0.0
TAF4	-0.0941474394349449	-0.008103801789893866	-2.8355116751595983	0.0049176243779825955	1.0	-0.0
CDCA7L	-0.5141839453168477	-0.15611344291844878	-2.8387670141101315	0.004899991764608935	1.0	-0.0
SP3	-0.2201628628207725	0.0036211512368460068	-2.8405354767689066	0.004916632232548475	1.0	-0.0
SNAI2	-0.515407097462104	-0.21536693609005178	-2.927038919371125	0.0037408056566244964	1.0	-0.0
HLF	-0.04494113019089501	0.08374617888081641	-2.948531303300869	0.0034960488842768777	1.0	-0.0
HOXC6	-0.3298118700887111	0.0735959937290002	-2.9690662476793825	0.0033180505464282177	1.0	-0.0
EAPP	-0.5450679375914165	-0.21734518825323548	-2.9911761798937317	0.0030346759378379667	1.0	-0.0
HOXA7	-0.39624306730013176	-0.0951056674460081	-2.997976479267225	0.0030154138026297315	1.0	-0.0
MYB	-0.48573692603779156	-0.22023520355931414	-3.006719481898619	0.0028783204860105363	1.0	-0.0
ZNF300	-0.6917135359209009	-0.25678779323084494	-3.0093452713575717	0.0029586856177902287	1.0	-0.0
RFX3	-0.28448712977819224	-0.11842657818922951	-3.0628953238979615	0.0024899218922072443	1.0	-0.0
MEN1	-0.1400120066111925	0.15058905548270884	-3.1307401156122183	0.0019870881554611467	1.0	-0.0
CITED2	-0.356511450313261	0.12267611805710135	-3.206229304369109	0.001516788477257673	0.951026375240561	0.02180743841211817
JUND	-0.16618045578424853	0.1327638869778523	-3.252232184293478	0.001395288160310963	0.8748456765149738	0.058068550119378885
HSF4	-0.22085764747349623	-0.0314618891217806	-3.2538377696744765	0.0012868731636404315	0.8068694736025506	0.09319671494211347
FOXP2	-0.3010698335453142	0.05613497439607893	-3.278845765654308	0.0012054128843549488	0.7557938784905529	0.12159662994816559
MLLT10	-1.0299952000903914	-0.6287611889039222	-3.3042169234189447	0.0011127642018613918	0.6977031545670926	0.15632931341474476
SALL4A	-0.11564584529241505	0.24467128095718213	-3.4396286556587636	0.0006764539161442941	0.42413660542247245	0.37249424381724483
RNF14	-0.7686607206466693	-0.2439396907619651	-3.446651233459055	0.0007024599275562392	0.440442374577762	0.35611090459584416
BMI1	-0.23178475412849608	0.09302531784674412	-3.454249202219515	0.0006677799903119716	0.4186980539256062	0.378099057669397
SP2	-0.0363111758254298	0.3795583348476312	-3.4557897440360623	0.0006437161184710938	0.40361000628137583	0.39403807529212265
HDAC7	-0.04811940631947127	0.22642805451914763	-3.4640469055157586	0.0006148805010299476	0.38553007414577717	0.4139417381678416
HES6	-0.19365736443165663	0.08979369418552557	-3.470332755952275	0.0006143268368162962	0.3851829266838177	0.4143329713173257
SOX11	-0.20697278136328212	-0.013511702406267102	-3.542637183754861	0.00046873353582454206	0.29389592696198785	0.5318064326759093
ELF2	-0.26630916587470677	-0.050672721394501775	-3.5638430154447023	0.00044067761851466196	0.27630486680869304	0.5586114653927715
RREB1	-0.465538064979946	-0.14400910690626156	-3.610702577864869	0.0003695897707304922	0.2317327862480186	0.6350125165800324
FOXP1	-0.465538064979946	-0.14400910690626156	-3.610702577864869	0.0003695897707304922	0.2317327862480186	0.6350125165800324
NPM1	-0.08824063051993822	0.18447565381146885	-3.6357870580528333	0.0003325617625117722	0.20851622509488116	0.6808601459898991
SIX1	-0.33453925615695657	0.049258019728034126	-3.6358269697740973	0.00033744508738998513	0.21157806979352067	0.6745293492135864
HOXA1	-0.5131428588104495	-0.010715748085635586	-3.6508606974020363	0.0003468475294599186	0.21747340097136897	0.6625938537336054
NR2F1	-0.12797406493478866	0.16897491930522815	-3.662866262177588	0.00029993788394364854	0.18806105323266764	0.7257011359619641
EAF1	-0.14642312106147892	-0.033717406576657234	-3.705611382824041	0.000259603654958911	0.1627714916592372	0.7884216565674828
APEX1	-0.3042604947092037	-0.008503173166453926	-3.706197712748668	0.0002629391201486408	0.16486282833319776	0.7828772538131683
PIAS4	-0.3702887103055845	-0.02383343920488517	-3.716308096773308	0.0002688466677439605	0.16856686067546323	0.7732278012439225
FOXA1	-0.4419320994684886	-0.13059567898752472	-3.7824992416391874	0.0001934740228972065	0.12130821235654847	0.9161097971515308
SREBF2	-0.3500003383285485	-0.06397661823160461	-3.848684088794886	0.00015360563166497363	0.09631073105393846	1.016325320581954
ILF3	-0.5648454797339252	-0.2661743094262952	-3.849942592497138	0.00015918523469852575	0.09980914215597565	1.0008296770888734
YEATS4	-0.4078141574040607	-0.042296343096447635	-3.8601355699700437	0.00014906685098029575	0.09346491556464544	1.0293513820270646
PAX2	-0.4078141574040607	-0.042296343096447635	-3.8601355699700437	0.00014906685098029575	0.09346491556464544	1.0293513820270646
RUVBL1	-0.4078141574040607	-0.042296343096447635	-3.8601355699700437	0.00014906685098029575	0.09346491556464544	1.0293513820270646
NR0B1	-0.3226114868872996	0.07504870324677787	-3.871435251880746	0.00013467313247283782	0.08444005406046931	1.0734514973189526
STAT4	-0.04280586637338996	0.3191024845098549	-3.8979826030586304	0.0001284851069792542	0.08056016207599238	1.0938796687126517
STAT5	-0.6020296310034693	-0.1885853713934206	-3.96094480862645	9.714434183902244e-05	0.06090950233306707	1.2153149489288162
FOXE1	-0.521464304418254	0.018096422323493674	-3.9681548494849745	9.492437008983074e-05	0.059517580046323876	1.225354735289693
PPARD	-0.22656397663380354	0.24657271352747517	-3.9734934936055724	9.182681993211938e-05	0.057575416097438846	1.2397629147068727
THRB	-0.28529095615403477	0.17293310474014736	-3.9802019601623333	8.96468942371118e-05	0.0562086026866691	1.2501972108823327
HOXB7	-0.7700036186317747	-0.2610850309997644	-4.05080768887343	7.108283455549472e-05	0.04456893726629519	1.3509677214194626
ARID3A	-0.214641120025063	-0.04474474874415604	-4.085911469792363	5.951043311750134e-05	0.03731304156467334	1.4281393480935942
IRF4	-0.4536560797327045	-0.12022545909753092	-4.1202652731289895	5.13891643755463e-05	0.03222100606346753	1.4918609033646268
GCM2	-0.21346945728739555	-0.08748130334696781	-4.16036999883008	4.612596337986207e-05	0.02892097903917352	1.538787009298886
E2F3	-0.0984221001080884	0.3228921346875331	-4.162573255277605	4.586082221689309e-05	0.02875473552999197	1.5412906224461314
FOXI1	-0.2005496551010934	0.030142703647668783	-4.195596520046097	3.693077815323683e-05	0.02315559790207949	1.6353440005814939
TNFAIP3	-0.5123484810374184	-0.14219194069117244	-4.222593773855792	3.572464366174073e-05	0.022399351575911434	1.649764553589033
NRF1	-0.26277792275062883	0.13528026108152383	-4.2991570812011135	2.5628001783084588e-05	0.016068757117994038	1.7940177136331437
PPARA	-0.48887669531894	-0.041389963722310866	-4.317755223580187	2.172499988631952e-05	0.01362157492872234	1.8657726763211138
EGR2	-0.569944401494895	-0.19296589196846378	-4.321869391858193	2.2059246600182847e-05	0.013831147618314645	1.8591417834753863
GTF2I	-0.48562749543523376	-0.09822953717043846	-4.327181442237393	2.260169676495198e-05	0.014171263871624892	1.8485914152433536
MTF1	-0.22743828275430508	0.1291280961718555	-4.339359743724525	2.0700156658691328e-05	0.012978998224999462	1.8867588269612674
HDAC3	-0.5208261162804988	-0.0458580586063757	-4.371823160119253	1.829740768063421e-05	0.01147247461575765	1.9403428945614858
JUNB	-0.41674478847101776	-0.07875585031487453	-4.376821270089009	1.818436599564722e-05	0.011401597479270808	1.9430342953453306
NR1I2	-0.594512947819264	-0.13414542290686893	-4.39426086222914	1.7907145560089416e-05	0.011227780266176064	1.9497060953358722
NKX2-2	-0.24312463164957454	-0.04384532844245164	-4.398891011112567	1.5815176879710718e-05	0.00991611590357862	2.0036584056647597
STAT5A	-0.5191393971751787	-0.13515320276383735	-4.424746924125631	1.512566063962734e-05	0.009483789221046342	2.0230181068610484
HEY1	-0.47092273681544183	0.03911262086551434	-4.432769001340225	1.3864436635321537e-05	0.008693001770346603	2.0608302319299034
MED1	-0.6299131938307281	-0.31551689505619995	-4.459027004105012	1.3372037541399715e-05	0.008384267538457621	2.0765348719846295
HDAC4	-0.5122652160075842	-0.08706555484732861	-4.480051643454664	1.0789329025354728e-05	0.006764909298897414	2.169738021867899
ZNF217	-0.4329750978610259	0.03708301283915914	-4.521231616546959	9.293623565440986e-06	0.005827101975531498	2.2345473815969794
RBBP7	-0.4329750978610259	0.03708301283915914	-4.521231616546959	9.293623565440986e-06	0.005827101975531498	2.2345473815969794
TCF12	-0.4329750978610259	0.03708301283915914	-4.521231616546959	9.293623565440986e-06	0.005827101975531498	2.2345473815969794
SUZ12	-0.5865579054031413	-0.02525917036090409	-4.5308817365893965	8.621557260891656e-06	0.005405716402579069	2.267146742215855
PER2	-0.5865579054031413	-0.02525917036090409	-4.5308817365893965	8.621557260891656e-06	0.005405716402579069	2.267146742215855
DENND4A	-0.43085647491082907	-0.03968165495091322	-4.618917880059861	6.988933644896948e-06	0.004382061395350387	2.358321542002356
ELK1	-0.49168229769346844	-0.008445239254656726	-4.626671647848154	6.588578937104292e-06	0.0041310389935643906	2.383940705626193
MTA2	-0.33189328728860024	0.041394090180566875	-4.737555598051335	3.474529159471468e-06	0.0021785297829886104	2.66183649838639
PTTG1	-0.5772934878893877	0.003945155884154025	-4.765908149794768	3.6703465961814936e-06	0.0023013073158057967	2.6380253819194532
NRIP1	-0.4716758608032585	-0.06123202616853108	-4.791785097412347	2.977614212961726e-06	0.001866964111527002	2.7288640303720744
SNAI1	-0.48679759971734504	0.07003249630296458	-4.798650177723121	2.8037680373151434e-06	0.0017579625593965949	2.7549903786482592
SMURF2	-0.5697814516154017	-0.11800122629202937	-4.81240596882546	2.5284761825408015e-06	0.0015853545664530825	2.799873592100392
ELF4	-0.3876722036771511	0.20482128724735657	-4.8463170846644665	2.1952410559626997e-06	0.0013764161420886127	2.8612502427796
ZNF202	-0.5349497963364535	-0.13322836032916446	-4.890928283760444	1.8940856685388793e-06	0.0011875917141738774	2.9253328411375596
CREB1	-0.38388220267213363	0.04199480885059852	-4.938410296977216	1.6326507571392453e-06	0.0010236720247263067	2.9898391651053347
ID2	-0.35953384588334986	-0.07616722904317648	-4.943017207143436	1.4130947282791552e-06	0.0008860103946310303	3.052561182961237
FOXL2	-0.7401998786759879	-0.07053767847040414	-4.9615185792731245	1.4471498357446374e-06	0.0009073629470118876	3.0422189595165907
NFIL3	-0.7546967481028622	-0.07361054693068549	-4.971529780604017	1.3558874539554065e-06	0.0008501414336300399	3.070508816949925
ZNF24	-0.5957603770571451	0.07815150093939713	-5.021576406767758	1.0121935787750815e-06	0.0006346453738919762	3.1974688812956993
POU2F2	-0.8164210419535607	-0.32943995439757945	-5.028722230319438	1.0428327083208671e-06	0.0006538561081171837	3.1845178148658455
RAD51	-0.37898543696418774	-0.09248334150352787	-5.050374012596306	8.461765903248895e-07	0.0005305527221337057	3.2752714528671705
TBX2	-0.9421421373853784	-0.46804725905719496	-5.0536888138901785	7.851470572949804e-07	0.0004922872049239527	3.307781451863109
TBX3	-0.9421421373853784	-0.46804725905719496	-5.0536888138901785	7.851470572949804e-07	0.0004922872049239527	3.307781451863109
TRIB3	-0.5288467082764591	0.0015654699582611288	-5.071126868913511	8.445076250432519e-07	0.000529506280902119	3.2761288840079534
TSC22D1	-0.31324068637513286	0.1326072925092218	-5.103497589028716	6.864163063427954e-07	0.00043038302407693267	3.3661448672094925
SFPQ	-0.4233305606170639	-0.07572244860829602	-5.1326340114495235	6.346526489813077e-07	0.00039792721091127994	3.4001963620736277
HEY2	-0.5974986091853175	0.0008444387077195387	-5.273988783051156	2.912794885873561e-07	0.00018263223934427228	3.738422555753298
SALL3	-0.6833099056542087	-0.11809722476935161	-5.301445405347161	2.406288671410481e-07	0.00015087429969743717	3.821384732723887
DEK	-0.24934793025361507	-0.016880921796951415	-5.316270600941548	2.107071358176948e-07	0.00013211337415769463	3.879053215474938
PBX1	-0.48713458498061224	-0.06429284780086329	-5.318963289122991	2.445805003398429e-07	0.0001533519737130815	3.814310630068297
ZNF383	-0.7607469278550478	-0.162841683430979	-5.3216538530775015	2.7455485098149434e-07	0.00017214589156539696	3.7641033377096353
MZF1	-0.6338866111745195	-0.025742373992704272	-5.480747861830876	1.0190195233188573e-07	6.389252411209235e-05	4.194549954467641
WWP1	-0.3137982958994861	0.050311961874065295	-5.505988975732815	8.439179871419858e-08	5.291365779380251e-05	4.276432215698024
ATF5	-0.40855269752239864	0.03562984020154678	-5.574660315108963	5.416275787473412e-08	3.396004918745829e-05	4.469031689399044
POU3F2	-0.35909709433917386	-0.09045469791033425	-5.6450570036463334	3.75031867790193e-08	2.35144981104451e-05	4.628664286328505
POU4F2	-1.1658338125611736	-0.3800545860835983	-5.670030125338737	5.3046192509275276e-08	3.32599627033156e-05	4.478078242120508
PER1	-0.4831802202266976	-0.0625248461608121	-5.6750075545715655	3.4672584115057556e-08	2.1739710240141086e-05	4.6627462487477205
FOSL2	-0.6074050971716598	-0.15999533544012626	-5.703272074901882	3.7572130211125333e-08	2.3557725642375586e-05	4.627866640397876
SERTAD1	-0.5976489174983879	0.0066711246650522004	-5.7189869605013275	3.325851993712931e-08	2.085309200058008e-05	4.680829540727151
PARP1	-0.5162623918644186	-0.10251104231068042	-5.773740595674268	2.0936594519953792e-08	1.3127244764011027e-05	4.881826417044653
AHR	-0.5780416637753726	0.07842814022660707	-5.776429764184725	2.4538366292706332e-08	1.538555566552687e-05	4.812886814131229
CEBPD	-0.8569896267795566	-0.28714233326668614	-5.801606843588122	1.9864183179789573e-08	1.2454842853728061e-05	4.904661747709113
EHMT2	-0.4849713428334588	0.026732416176718576	-5.849330405858154	1.5696326290398716e-08	9.841596584079995e-06	5.006934441059584
ZEB2	-0.6844553466533246	-0.0895654588534143	-5.903930569251208	1.1407352277064342e-08	7.152409877719342e-06	5.1455476057150475
TSC22D3	-1.5352460237737175	-0.6381020347127528	-5.910609342904314	1.8147944025299365e-08	1.1378760903862703e-05	4.9439050280915655
SALL4	-0.6397232527896318	-0.10612231119575183	-5.952515070261336	9.494106795292336e-09	5.952804960648295e-06	5.225278346559926
L3MBTL1	-0.1608353028091682	0.07570055099763193	-5.974696580917403	7.034812508801687e-09	4.4108274430186575e-06	5.355479932022244
TLE3	-0.1608353028091682	0.07570055099763193	-5.974696580917403	7.034812508801687e-09	4.4108274430186575e-06	5.355479932022244
HES1	-0.6902741169389022	-0.14615410334383472	-5.991522098122969	6.8113726209199554e-09	4.2707306333168124e-06	5.369497819852339
HDAC10	-0.9270368464575494	-0.22907087379559382	-6.0342052773857455	5.453340893536959e-09	3.419244740247673e-06	5.466069812471899
HSF1	-1.0591277090072115	-0.3252319866735094	-6.105018329541515	4.192526377225016e-09	2.628714038520085e-06	5.580256655524497
ZFP36	-0.627028298878664	-0.09060071594595437	-6.146273216438836	3.311165592236706e-09	2.076100826332415e-06	5.682751558696178
SSB	-0.5920784698592696	-0.09752897241714542	-6.177502595091686	2.280090131293581e-09	1.4296165123210753e-06	5.844780444296123
PGR	-0.4967653205717044	-0.03837245558857649	-6.354654918229094	9.043464736515098e-10	5.670252389794966e-07	6.2463976097039655
TRAF6	-0.6662589317647057	0.09742089431202589	-6.371685645203444	7.68146038184567e-10	4.816275659417235e-07	6.317288664205026
TEAD4	-0.6662589317647057	0.09742089431202589	-6.371685645203444	7.68146038184567e-10	4.816275659417235e-07	6.317288664205026
ZFP36L1	-0.6662589317647057	0.09742089431202589	-6.371685645203444	7.68146038184567e-10	4.816275659417235e-07	6.317288664205026
PHB2	-0.862971186489818	-0.3006943464628473	-6.441208003486792	6.587126947427856e-10	4.1301285960372656e-07	6.384036425902941
HIPK2	-0.3048464939775706	0.41582548368374533	-6.494962826248383	3.998346696457637e-10	2.506963378678938e-07	6.600852010099949
GFI1B	-0.801230181716877	0.13211961431074612	-6.7921338081066835	1.4012297462320033e-10	8.785710508874661e-08	7.05622311093521
PITX1	-0.5420190677860325	-0.002824045017023209	-6.88224960840894	4.626110342990269e-11	2.9005711850548987e-08	7.537516471724681
CEBPZ	-0.6270836197751739	0.07900702862521926	-6.9736233245509585	2.5577238167762745e-11	1.6036928331187242e-08	7.794878811648092
ZEB1	-0.7326431798097524	-0.10760270850202276	-6.993677426970458	2.3034159456990447e-11	1.4442417979533011e-08	7.840360090197307
PITX2	-0.40167721843764226	0.1606810010180638	-7.108811916809881	1.4674892755811485e-11	9.201157757893802e-09	8.036157523064247
HTATIP2	-0.9331497561253813	-0.0242061742832325	-7.200064479226519	6.568457555698988e-12	4.1184228874232656e-09	8.385269061252492
NKX2-5	-0.7222140766260441	0.08879304039285173	-7.435095969398942	2.507635375225797e-12	1.5722873802665747e-09	8.803468071364543
PIAS3	-0.8201769084622056	-0.1580259424730738	-7.450226879927771	2.3498018402790435e-12	1.4733257538549603e-09	8.831701219579235
CHD8	-1.1973056939852305	-0.43114497620428377	-7.563029879852788	6.762245283831426e-13	4.2399277929623037e-10	9.372641539488647
GTF3A	-0.6586325166886606	0.27832849781440266	-7.602516752973825	7.741940362215925e-13	4.854196607109385e-10	9.31388263763459
TCF7L2	-1.1384672270529934	-0.3716543556896525	-7.744967088786409	3.185737602609442e-13	1.99745747683612e-10	9.699522457456775
FOXM1	-0.518950813779089	0.23048965908022978	-7.8196205962347305	2.1575968917966057e-13	1.3528132511564717e-10	9.868762151362452
EZH2	-1.1465614304915146	-0.34721900332393146	-7.844802367572276	1.7432959800643858e-13	1.0930465795003699e-10	9.961361330466632
POU4F1	-0.9093140583508209	-0.30360885026519935	-7.978579625733035	7.745301005447754e-14	4.8563037304157413e-11	10.313694158770021
MYC	-1.1643730116099982	-0.29623524194079764	-8.10618304859195	4.049953315735257e-14	2.539320728966006e-11	10.595282442086818
CDX1	-0.9604739569716428	-0.014223933695665412	-8.205203462123752	2.89680352761237e-14	1.8162958118129557e-11	10.740813418493422
JDP2	-1.733020826311985	-0.49652184935816873	-8.381657855404228	4.9709133205493165e-15	3.1167626519844213e-12	11.506296268899995
SATB1	-1.0599988655582073	-0.379244643238994	-8.834750287691243	1.1264521161987463e-16	7.062854768566139e-14	13.151019723928473
TP53BP1	-1.016281042881006	-0.22444543939358863	-9.165352539616887	2.5012793816397573e-17	1.5683021722881278e-14	13.804570255992154
HCFC1	-0.5674245700901744	-0.11383525462560848	-9.256526790158476	1.827266788708143e-17	1.1456962765200056e-14	13.940930498349319
MYCN	-1.8809454026202599	-0.468839589810608	-10.446724272259837	6.759146071505285e-21	4.237984586833814e-18	17.37284062711206
TFDP1	-2.3367591311375873	-0.5767669646040552	-11.330774456880851	2.2402728578037113e-23	1.404651081842927e-20	19.852431541986142
E2F1	-1.840844415675396	-0.5736016812641944	-11.570258806502713	3.2034847125411976e-24	2.008584914763331e-21	20.69710980334799
