TF	TFAs Ave.(E)	TFAs Ave.(IE)	TTS	p_val	FDR	negLog10_FDR
E4F1	1.5525130823941966	0.2550847929285127	10.596926608387902	1.4745480683140935e-18	9.245416388329366e-16	15.034073524625787
RBL1	1.4543968226935016	0.22900549577383394	10.21248805466107	1.0817153723367965e-17	6.782355384551714e-15	14.168619457626928
ID4	0.9798665821111391	0.19758928706204054	9.836832746601445	3.3665405336643614e-17	2.1108209146075546e-14	13.67554861136167
DLX4	0.9798665821111391	0.19758928706204054	9.836832746601445	3.3665405336643614e-17	2.1108209146075546e-14	13.67554861136167
E2F4	1.9635141817605029	0.6012303748532891	9.796524762905275	1.1142735744056377e-16	6.986495311523348e-14	13.155740628054795
TP53	1.7773773429302633	0.20159437090731724	9.621453022043903	2.7928189249215865e-16	1.7510974659258348e-13	12.756689680452402
RB1	1.3779628057810704	0.17709543453758736	9.396576332183859	1.4249110219528813e-15	8.934192107644566e-13	12.048944713337992
RBL2	1.3059758341586485	0.29264719593797267	8.409257393542104	1.5633298873623913e-13	9.802078393762194e-11	10.008681828466708
SOX6	1.1573901341410349	0.1599107184242249	8.278514413970251	9.900677274626802e-14	6.207724651191005e-11	10.207067554816943
ZHX2	1.3385181794438246	0.36027389210663563	7.964400062885485	1.6578891900626678e-12	1.0394965221692927e-09	8.983176959343778
KLF6	1.0591234133759546	0.12473738488405345	7.929498887363661	4.765203489160111e-13	2.987782587703389e-10	9.52465100806012
IRF1	1.6809795034975026	0.2780498902286898	7.496606894562923	1.87839631004646e-11	1.1777544863991304e-08	7.928945232736364
MSC	1.179738988811498	0.17418566701359636	7.24260573569101	7.357136362881487e-11	4.612924499526692e-08	7.336023653500832
E2F7	0.5831938533029482	0.07939053868591849	7.155988529942633	1.2655631343186307e-10	7.935080852177814e-08	7.100448643770408
POLR1A	0.5831938533029482	0.07939053868591849	7.155988529942633	1.2655631343186307e-10	7.935080852177814e-08	7.100448643770408
E2F8	0.5831938533029482	0.07939053868591849	7.155988529942633	1.2655631343186307e-10	7.935080852177814e-08	7.100448643770408
BHLHE41	0.8930823407264384	0.15756910272520383	6.939973094041827	1.4069837752949917e-10	8.821788271099599e-08	7.0544433697945825
RFX1	0.8224120913480755	-0.21321021166557852	6.919710833048201	3.2308044347352126e-10	2.0257143805789782e-07	6.693421788829093
PURA	0.7386146537401372	-0.07177057881371615	6.911286855732741	2.0973957149014125e-10	1.3150671132431856e-07	6.881052082788351
MLXIPL	1.2309936278895708	0.34767886949592225	6.830055083409957	2.08590119585794e-10	1.3078600498029283e-07	6.883438726080662
PIAS1	0.8980486594755033	-0.017967993925226695	6.583523885522598	1.3335508628577236e-09	8.361363910117927e-07	6.077722874436091
YBX1	1.3635582836415971	0.33958057050887464	6.583419208219916	1.8281086527674394e-09	1.1462241252851844e-06	5.940730454918606
CRX	0.34241156491798713	0.09331768760287142	6.5059147128719275	2.4605995745272653e-09	1.5427959332285954e-06	5.811691514593854
KLF4	0.5960117789746969	-0.013522341227599073	6.44321857779892	2.242239313023864e-09	1.4058840492659628e-06	5.852050496414703
ETV6	1.0974119361202794	0.28014466607508004	6.422319164577453	2.8414051704876133e-09	1.7815610418957336e-06	5.749199292760444
ZBTB16	0.8135033716961529	0.014174659435069228	6.365121397410357	3.4032670054739184e-09	2.133848412432147e-06	5.670836435887455
CTBP1	0.6173188375175127	0.04997629920536178	6.36066432594879	3.3642299276300903e-09	2.1093721646240667e-06	5.675846789258457
ECD	0.21048854943386394	-0.02557532288391324	6.259997016632446	3.3067739809513844e-09	2.073347286056518e-06	5.6833279474065135
FOXO3	1.6252161534226246	0.5832214077035023	6.25700687591562	8.453125181115562e-09	5.300109488559458e-06	5.275715158741464
CBX7	0.93363725373019	0.24243675290320793	6.0943517438940775	1.2816915257872875e-08	8.036205866686293e-06	5.094948946286572
E2F6	0.34028838419001445	0.0031629395495646247	6.088433934556162	1.7398505166253387e-08	1.0908862739240874e-05	4.962220522722053
RUNX2	1.1714919907357986	-0.09523205050000054	5.928822626587973	3.2415346951425775e-08	2.032442253854396e-05	4.691981784818104
BTAF1	0.692129549497942	0.12571576921713218	5.645049809381256	1.1846846683617092e-07	7.427972870627917e-05	4.1291296911140165
APBB1	0.7825809068586028	0.32366431762164494	5.625058677279231	1.0274886965600108e-07	6.442354127431267e-05	4.190955406284063
FHL2	0.8723622768627567	0.15652250658362926	5.591843697702054	1.3804215520891053e-07	8.655243131598691e-05	4.062720727993253
APC	0.957820323963767	0.17554341666233894	5.549746446245573	2.0778899607374954e-07	0.00013028370053824097	3.8851099143648113
ASCL1	0.947636104418373	0.2120054987528745	5.5365790068091965	1.8570580118660533e-07	0.00011643753734400154	3.933906988472157
EGR3	0.43894643130371247	0.0524400333477858	5.505743802057884	1.7877180874346866e-07	0.00011208992408215485	3.950433424980343
TCF19	0.7601127533650731	0.23161419594365548	5.504959591730389	2.0207510600367967e-07	0.00012670109146430716	3.897219643878326
KLF2	0.9404644857689962	0.16985901264604533	5.459371244205297	2.8562291611002786e-07	0.00017908556840098746	3.746939410333799
SF1	0.6375972532495566	0.02789686767316767	5.43993608467254	2.7113104965595763e-07	0.00016999916813428543	3.769553203772158
MITF	1.2732114922196491	0.2985647122568085	5.424396770503257	2.5868055771884366e-07	0.00016219270968971498	3.7899686705483133
HEXIM1	0.7084607405602811	0.01734296780212261	5.412960229308044	2.6687023541851714e-07	0.00016732763760741025	3.776432320429854
SLC2A4RG	0.21626425342728972	0.03527390169235938	5.3415202223865155	4.16830571409455e-07	0.0002613527682737283	3.5827728954528295
PML	0.5639651345631701	0.14417053291476856	5.330582872498708	3.432867897128231e-07	0.00021524081714994009	3.6670753678472674
MXI1	1.0128982747666437	0.21238108204385478	5.25556008002902	9.326750081048772e-07	0.000584787230081758	3.2330021195754677
ENO1	1.0128982747666437	0.21238108204385478	5.25556008002902	9.326750081048772e-07	0.000584787230081758	3.2330021195754677
NR4A1	0.4911462085311048	-0.10956740933576109	5.246619983766064	5.22706915089653e-07	0.00032773723576121246	3.484474213585761
ZNF382	0.9865594099329388	0.2722839064545827	5.245193235085009	6.10600845334435e-07	0.00038284673002469076	3.4169750579556966
MSX1	0.8222732875564791	-0.200300241001903	5.199278546787198	7.709308468269669e-07	0.00048337364096050824	3.315717035967095
PKNOX1	0.6461680745980081	0.20262773052362917	5.144999686296414	1.1384728549323457e-06	0.0007138224800425807	3.146409779153244
FOXD3	0.5732328417433288	0.004550255573733583	5.043684942494885	1.377290019338162e-06	0.0008635608421250276	3.0637070588280624
NCOA3	0.45739812345966957	-0.01807843124560487	5.033196197528095	1.371861095262032e-06	0.000860156906729294	3.0654223190924075
SPEN	0.4074457922144712	0.040024486725147954	5.022987509114656	1.795527174272753e-06	0.0011257955382690161	2.9485404768598507
SPI1	0.5823991414774567	-0.09783121599364195	4.931365103309661	2.265150400007035e-06	0.001420249300804411	2.8476354158559216
ZNF350	0.6531679281720183	0.18508173935960973	4.897720210804232	3.0821067659548644e-06	0.0019324809422537	2.7138847803151314
RUVBL1	0.45977099249733966	-0.015379508036438639	4.861943020818189	3.708811087322241e-06	0.002325424551751045	2.6334977465802187
PAX2	0.45977099249733966	-0.015379508036438639	4.861943020818189	3.708811087322241e-06	0.002325424551751045	2.6334977465802187
YEATS4	0.45977099249733966	-0.015379508036438639	4.861943020818189	3.708811087322241e-06	0.002325424551751045	2.6334977465802187
EWSR1	0.9438191744389126	0.2392563938331605	4.835696690228489	3.69522323400104e-06	0.002316904967718652	2.6350917792621633
IFI16	0.5902422787925756	-0.005754143575764114	4.794622219434143	5.349459394818001e-06	0.0033541110405508868	2.4744225638228796
ATOH1	0.8360887261164179	0.12619415028346906	4.759806851559694	5.417965551118483e-06	0.0033970644005512887	2.4688962198244253
FOXP3	0.37813909654860445	0.00644005583926928	4.719623377974442	6.774707026269982e-06	0.004247741305471279	2.371841940379363
FOXQ1	0.7867334077380099	-0.06187186793026544	4.712680672324189	6.754352626075887e-06	0.0042349790965495815	2.37314872896387
CDX2	0.9845899242641133	0.2230662056999627	4.710855000955841	7.462424137682251e-06	0.004678939934326771	2.3298525300071944
ING4	1.081673443926933	0.4539792465386058	4.688122927432616	7.040815566749098e-06	0.004414591360351684	2.3551094909896766
BRCA1	0.8598084666899644	0.3033194162774754	4.65182359757444	8.234087691673114e-06	0.005162772982679043	2.2871169713187287
DNMT3L	0.17770768783406618	-0.1767988450354599	4.628310213876351	8.403327416370696e-06	0.005268886290064426	2.2782811740084297
LMO4	0.2130747331533977	0.020397470397936233	4.627152613416038	8.80352892252473e-06	0.005519812634423005	2.25807566379566
GCM1	0.44946482410378424	0.08492285733148099	4.621226435491221	9.042699596713518e-06	0.005669772647139376	2.246434355581951
HDAC1	0.3526471662314123	-0.15491360986273095	4.561192918876828	1.2224478056253135e-05	0.007664747741270715	2.1155021338790028
NELFCD	0.5970086107585458	0.0526724276214502	4.544960371542123	1.2287702002115693e-05	0.00770438915532654	2.1132617887414558
NFRKB	0.5389009079839341	0.1210469074784896	4.524589708009459	1.4529347891420527e-05	0.00910990112792067	2.0404863365101504
RUNX3	0.5362824407257769	0.04968044746735789	4.499700839191994	1.6323751059163277e-05	0.010234991914095375	1.989912496105056
NR1H2	0.5266899868170979	0.11167564695561781	4.487971953606271	1.590607854246398e-05	0.009973111246124915	2.0011693365489327
MEF2D	0.7003186407454849	0.14140341023522957	4.450270346033158	1.748568406964453e-05	0.01096352391166712	1.960049831854275
SPDEF	0.9308344091569041	0.19160208743876037	4.434595665148625	2.1420791997411848e-05	0.01343083658237723	1.8718969350755523
SMARCA4	0.5005735568014344	-0.0961105430730057	4.430792882421459	2.186409596414875e-05	0.013708788169521266	1.8630009343097433
FOXF1	0.19265339063813602	0.002997399868658862	4.428127742057379	1.985606766654602e-05	0.012449754426924354	1.9048392150006548
ETV3	0.4891460864376781	0.061016619064647774	4.379241040717122	2.5103377794842814e-05	0.015739817877366443	1.803000297092099
NFIC	0.2507813976589896	-0.09562508597981291	4.351458599527007	2.391934635046528e-05	0.014997430161741732	1.8239831517569558
HIC1	0.6026291591219792	0.07792354689696847	4.309181453976788	3.4468030012083614e-05	0.021611454817576425	1.6653159967456777
TSG101	0.4022692207793212	0.11355728397487827	4.300023659411536	3.503443536625055e-05	0.021966590974639093	1.6582373366060714
KDM4C	0.5156438035034137	0.015198074910559408	4.23792560271481	4.224693925466748e-05	0.02648883091267651	1.5769372089121918
CEBPA	0.589040818676659	0.0015978588713136308	4.221310690611945	4.602345111069204e-05	0.028856703846403906	1.5397532776455638
GLI1	0.552420160602359	0.0326862288217637	4.207691898932586	4.9556233413718954e-05	0.031071758350401785	1.5076341693305069
HMGA2	0.3386436068850728	0.027202625255820918	4.180854645027533	5.045304399400678e-05	0.03163405858424225	1.499845085426496
HLTF	0.5058625558192349	0.11010954334456258	4.180342505076799	5.523519647088134e-05	0.0346324681872426	1.4605165560421636
NHLH2	0.35564118125865407	0.047114302516909394	4.152640287093036	5.936657032282397e-05	0.03722283959241063	1.4291904992258124
POU1F1	0.4010959761862421	-0.05816361667302365	4.143789585453787	6.317988799824922e-05	0.03961378977490226	1.402153607492294
WT1	0.40884583038941075	-0.0017425795405631495	4.106188087715799	7.073135067724481e-05	0.044348556874632496	1.3531205077732005
TFDP3	0.5440753389657845	0.14539785908010167	4.035796662304096	9.48861260579832e-05	0.059493601038355465	1.225529743232446
KAT5	0.5776656175944415	0.2253441470935776	3.992653721002517	0.00010571415060281003	0.06628277242796189	1.1785993345166734
MECP2	0.3835124969851233	-0.09275264812129326	3.9254115480224847	0.00013767971316643005	0.08632518015535165	1.0638625066316392
RBMX	0.7455305606805782	0.06474092207746279	3.92034305238798	0.0001581741596686442	0.09917519811223992	1.003596923306883
MED23	0.13754458861683863	-0.046577440444606946	3.893693911970647	0.00015156350071409794	0.0950303149477394	1.0221378314020537
KLF10	0.1793294427118957	-0.17819925165498368	3.8166787349407394	0.00020050189081950964	0.12571468554383256	0.900613986609056
EP300	0.30947943129992045	-0.3165041211768025	3.8033714796516223	0.00022535102744015862	0.14129509420497946	0.8498729166843011
IRF9	0.5773831419822707	0.22446127994216064	3.797693494440742	0.00022268407616141556	0.13962291575320757	0.8550432968388193
HDGF	0.4722276464168053	0.049934549273349324	3.7450375018758795	0.000274426190397191	0.17206522137903876	0.7643069024181144
RUNX1	0.3424049239756729	0.03921668775392898	3.7301286609456534	0.0002800065894181683	0.17556413156519154	0.7555642074189346
NR1H3	0.46618127739932336	0.084669524859317	3.723477561952594	0.0002893544151945751	0.18142521832699857	0.7413023456163876
NRL	0.11917733087409726	-0.004484046030516621	3.680217755977926	0.0003292856585463882	0.20646210790858538	0.6851596429724013
TTF2	0.41597730486061013	0.0720110542016152	3.664898802528353	0.0003566433980179148	0.22361541055723258	0.6504982701534678
TFAP4	0.33442343618049547	0.03772911661706546	3.6647105940442137	0.0003580301063989549	0.22448487671214473	0.6488129115947194
FOXO4	0.9609462862851407	0.4504324619571791	3.659658550817165	0.00037826561309830164	0.23717253941263514	0.624935596386821
LHX4	0.155156908219953	-0.02050199174212348	3.6565546988365836	0.00037728460932203475	0.2365574500449158	0.626063369904795
HDAC9	0.3029696422160164	-0.08598720172822022	3.633649052805909	0.0004051455909278899	0.25402628551178696	0.595121342190762
NR2F2	0.3593823272712747	-0.03612079518232684	3.6233635328758504	0.00040937591395009737	0.25667869804671106	0.5906101722504244
CREM	0.44856349714448496	0.02862176982187431	3.57364732738994	0.0005299985038052443	0.3323090618858882	0.4784578155874443
CREB5	0.5709736903414565	0.18247123860936304	3.56394077210584	0.0005098395854287414	0.3196694200638209	0.49529890683979944
NKX3-1	0.3630666797489323	-0.07711000173033566	3.5249453059817992	0.0005893990047103759	0.36955317595340564	0.43232306102686796
KHDRBS1	0.2089330796546858	-0.02694922435978703	3.5209057673790136	0.0005633962124920818	0.35324942523253533	0.4519185361136327
PRDM1	0.3974310428469108	-0.06557684948994964	3.491187127965739	0.000693750914461134	0.43498182336713104	0.3615288905770552
REST	0.27705998456978964	-0.0313677915158877	3.4846199063697787	0.0006827596662029236	0.4280903107092331	0.3684646017689019
KDM2A	1.075216923026683	0.5446665498548394	3.4812663418589898	0.0006778566938453662	0.42501614704104457	0.37159457009647984
SRSF1	0.31647809044021175	-0.019124475244200613	3.4712895063329428	0.0007131110366220691	0.44712061996203734	0.3495753012139774
BTF3	0.2371519049256795	-0.002550528539190598	3.4600740133348737	0.0006787014403060558	0.425545803071897	0.3710536883389358
ZBTB7A	0.5384180369817713	0.038881109426148336	3.4467051420415564	0.0007710047356449717	0.4834199692493973	0.31567541359801105
KLF14	0.6272339099378875	0.09795768938641956	3.420479138164835	0.0008466187470164092	0.5308299543792886	0.2750445781689778
XPC	0.23245673264162164	-5.517980878250467e-06	3.3682520356701198	0.0009849801185428683	0.6175825343263784	0.20930499465569724
NCOA4	0.45560300156044814	0.08150395314490681	3.323885630225048	0.0011441172885155934	0.7173615398992771	0.14426191098492105
MYOCD	0.3853171156646145	-0.10235853828560476	3.320530963682484	0.0011468715455058632	0.7190884590321762	0.14321768137443064
ETS2	0.2972831423209907	-0.12746037262550566	3.2644800370576874	0.0014261927723421815	0.8942228682585478	0.048554227968875575
PLAGL1	0.29142628799789955	0.06988511809571851	3.2489494677128046	0.0014927658335041072	0.9359641776070752	0.028740772806007443
LHX3	0.1986903858214953	0.03874055169791702	3.232078910434495	0.0015152346414414489	0.9500521201837885	0.02225256851398601
STAT1	0.4809666728699828	0.1460819546733127	3.2269269918711876	0.0016182124485850742	1.0	-0.0
ZNF224	0.56937502400584	0.18003293869159312	3.2223857326907157	0.0015984085895542623	1.0	-0.0
IRF3	0.36912508566037344	-0.04654082711637291	3.212769680158485	0.0016896152061921918	1.0	-0.0
FOXA2	0.1768578546785101	-0.13741803570507347	3.1973776359511383	0.0017351249885477532	1.0	-0.0
USF2	0.36619069699152024	0.10486601535374994	3.184486985204293	0.001790917911199189	1.0	-0.0
KLF11	0.2051793702566065	-0.006283859508082358	3.183577084431065	0.0018071945062995232	1.0	-0.0
DDIT3	0.34056046109592464	0.0900857548574752	3.1835316984775415	0.0018305512431527904	1.0	-0.0
MDM2	0.33205738783760996	-0.02715902079777845	3.166813458123549	0.0018925850215221354	1.0	-0.0
ISL1	0.2213465020686622	-0.1500835616037692	3.096466610663704	0.002338609821882764	1.0	-0.0
THRA	0.28124846019871963	-0.00698168051889665	3.0875397766384913	0.002442151331804373	1.0	-0.0
MEF2A	0.3215477661921587	0.05510942740573542	3.0760642830077547	0.0025529100266529904	1.0	-0.0
TAF1	0.4918169256277844	0.1522419955142845	3.060616922361831	0.0027496445156538346	1.0	-0.0
TP63	0.41963699731837323	0.024213561662080593	3.0174057655581614	0.0031159490320620833	1.0	-0.0
NCOA1	0.432669388343316	0.14600259605419208	3.015721760524388	0.0031490116714945958	1.0	-0.0
ARNT	0.4262200295211453	0.1345160112115218	3.002305412348123	0.003225295549319548	1.0	-0.0
NR5A1	0.3475757994635089	0.031598896896310694	2.9664452187639743	0.0036145426713045355	1.0	-0.0
BTG2	0.1724072590434522	-0.08736747669702913	2.96528673614049	0.0034969864206781686	1.0	-0.0
DUX4	0.21824841482136945	-0.19362495013409453	2.9572740612878903	0.003736436635867196	1.0	-0.0
MAF	0.19651198478269657	-0.1474092011122799	2.95062235930762	0.003795728368998421	1.0	-0.0
IRF8	0.26982345656027523	-0.003672005461824661	2.946142132949984	0.003746283010903085	1.0	-0.0
OTX1	0.3758281243124368	0.18807284487947237	2.938127695674622	0.003941196174093911	1.0	-0.0
SRCAP	0.3405810264154737	0.020551093768853928	2.9327234980768813	0.00398712489573308	1.0	-0.0
PDX1	0.18576750855231358	-0.034526044677150376	2.9060050249662708	0.004318623900299639	1.0	-0.0
GATA6	0.6186151583820831	0.15341306030839286	2.9047663306550766	0.004420960248629575	1.0	-0.0
SOX2	0.32427554052306096	0.06567375511041772	2.8717169296581866	0.004774798374575447	1.0	-0.0
TRIM28	0.31554917174516905	0.11256979543994518	2.8473960695716802	0.005203381827854478	1.0	-0.0
PPARG	0.5029922372878283	0.2045385415233747	2.8472687691557748	0.005194537054295933	1.0	-0.0
HOXA9	0.17496410220969835	-0.034929064023582944	2.844847640647834	0.005189808190944051	1.0	-0.0
KLF3	0.08670638091170671	-0.2295200119181389	2.798139534839675	0.005909260666336738	1.0	-0.0
TAL1	0.32352154787470055	0.04415841390383968	2.791377522971173	0.006096056815594711	1.0	-0.0
GLI2	0.24060804723910317	-0.12122564307652636	2.783444248205291	0.006291416050095652	1.0	-0.0
ETV4	-0.0052771466117621174	-0.2810092001169423	2.7744151072896273	0.006190274659550222	1.0	-0.0
NUPR1	0.33690981209791065	0.054036505600872635	2.7612145095870115	0.006546538074379492	1.0	-0.0
GATA4	0.1825137597322947	-0.06971695331785292	2.746965018945935	0.0069969089123141995	1.0	-0.0
MSX2	0.2834135646596871	0.04979969131246501	2.741965666316528	0.006929957716217515	1.0	-0.0
NPM1	0.20573353868979433	-0.009882215864142105	2.7310847614197873	0.007183180746780089	1.0	-0.0
TEF	0.26557562183559025	-0.22753446360731647	2.7308621836224223	0.007213698592420258	1.0	-0.0
NFYA	0.48630072376197303	0.18428177585288816	2.7290487823043446	0.007417789047483002	1.0	-0.0
SUGP1	0.13988016810886914	-0.1775925825627423	2.7211139737353953	0.00735974229894811	1.0	-0.0
NR3C1	0.35554692778191527	0.0652922202692031	2.703897437084305	0.007850299384940406	1.0	-0.0
ELF1	0.32731744230250304	0.006728285152093946	2.7032101995649143	0.007934950005797841	1.0	-0.0
NR4A3	0.5292507359893495	0.20069744269776701	2.6992174437965994	0.008089197611615903	1.0	-0.0
CREBBP	0.3535696996742802	0.09672703985288872	2.677848752241732	0.008468784267698646	1.0	-0.0
EN1	0.23891952673089611	0.025687950392866612	2.6754161619553947	0.008438932926780036	1.0	-0.0
FOS	0.4040968303486043	0.09329512892039378	2.667784816105574	0.008712131520609437	1.0	-0.0
PAWR	0.309062135502279	0.06402275539609491	2.660707494490748	0.00881004042843123	1.0	-0.0
SUPT3H	0.3380671581530313	0.0986578267040689	2.636884784889485	0.009309384885667887	1.0	-0.0
PTMA	0.4030661743862334	-0.03618070910762279	2.6142657603715205	0.01004439854857696	1.0	-0.0
HSF2	0.1854219233778386	0.04778661073468822	2.5562657169209513	0.011611478963010518	1.0	-0.0
SETBP1	0.9436531243703166	0.60565575861655	2.518670824416811	0.013179371998807296	1.0	-0.0
GATA3	0.17980307409569182	-0.1397677491926732	2.466939526614039	0.015071662521096145	1.0	-0.0
GZF1	0.09951097690031793	-0.22451664000626492	2.4514241500817096	0.015826056868188876	1.0	-0.0
HOXA11	0.09951097690031793	-0.22451664000626492	2.4514241500817096	0.015826056868188876	1.0	-0.0
SOX4	0.14458003060990254	-0.02796479778636104	2.4321162799732363	0.016346037767603048	1.0	-0.0
ATF6	0.27021236339290666	0.11140219764325518	2.3683633452404265	0.019291462380139606	1.0	-0.0
DBP	0.29417386454554884	0.08652582824335744	2.305166907637068	0.022810827313644918	1.0	-0.0
ZBTB2	0.13155097831286605	-0.07919076627699023	2.2823158687434733	0.024131519179302882	1.0	-0.0
REL	0.21709701403155285	-0.04413962230153791	2.2027498063705253	0.02919360125606139	1.0	-0.0
KDM4B	0.27392401887176054	0.0912607652041544	2.154066607969322	0.032847937867823224	1.0	-0.0
NCOR2	0.27392401887176054	0.0912607652041544	2.154066607969322	0.032847937867823224	1.0	-0.0
VHL	0.4013986547202909	0.14252416914032387	2.149691703532401	0.03338858744758275	1.0	-0.0
NFATC1	0.13742835859809624	0.012711760529615129	2.1434850792161892	0.033789265845108434	1.0	-0.0
TCF3	0.3584102731493709	0.18113278115831433	2.12591414682866	0.03547198376428616	1.0	-0.0
ATF4	0.6070339428498422	0.29502321601275405	2.1154860634110895	0.03638829121387009	1.0	-0.0
NR1I3	0.31439170328118043	0.18706385975200807	2.090150259139226	0.03871995087538449	1.0	-0.0
TCFL5	0.2297791929986088	-0.018158996015417775	2.082984528451576	0.03946131632663914	1.0	-0.0
WWTR1	0.035017120460397906	-0.2067668017892609	2.078287164378473	0.03996988061076324	1.0	-0.0
CUX1	0.18372472266795278	-0.05438306770741056	2.063458628893892	0.04077459273842529	1.0	-0.0
EBF3	0.39179524897825124	0.12058979266335054	2.0389491537350963	0.043842671801487765	1.0	-0.0
BACH1	0.06738366436171199	-0.08858843512230045	2.001356724244511	0.04738385226264119	1.0	-0.0
ATF5	0.3830215782430836	0.1904531346965821	1.9724039816889805	0.05058100371731755	1.0	-0.0
FOXO1	0.31107949556178527	0.0837349897499656	1.961905813852909	0.051991704039902	1.0	-0.0
ONECUT1	0.13488476235165175	0.015695560196742148	1.9421549416749444	0.05417742972181918	1.0	-0.0
PROX1	0.28742359870049394	0.06032071396919312	1.939744838119356	0.05464788460128072	1.0	-0.0
HR	0.08265485055899512	-0.12125116943305064	1.9292060769675303	0.055667060251825974	1.0	-0.0
BCL3	0.06927154275543396	-0.07944595496653212	1.9196419047252642	0.057185878693707774	1.0	-0.0
HBP1	0.16572550903783645	-0.011822304500018857	1.8977006224560413	0.06023464150173497	1.0	-0.0
NR5A2	-0.029362867846955538	-0.2634073455662311	1.8595196665032085	0.06531961669131515	1.0	-0.0
NR3C2	0.04843861991495947	-0.12555530751998595	1.8472378680820636	0.06727042933549297	1.0	-0.0
LHX2	0.17676077983046348	0.012097380209747112	1.8210509764390557	0.07105648993801411	1.0	-0.0
DNMT1	0.20394498166796873	0.001742322469652751	1.8204568537432664	0.07096517408851179	1.0	-0.0
LEF1	0.2838361105063514	0.0831192848763048	1.812192813612919	0.072335455310641	1.0	-0.0
UHRF1	0.20512971150008413	0.033959181637189556	1.7818769152049145	0.07726137595709291	1.0	-0.0
CEBPB	0.13940914477062025	-0.035378282195257155	1.762338461626673	0.08025201978760951	1.0	-0.0
POU5F1	0.029473055984974784	-0.1774696029285185	1.7617943357847368	0.08007273904879061	1.0	-0.0
ATF2	0.002692215492579879	-0.23037275867364404	1.7231798119098358	0.0875655661562215	1.0	-0.0
NELFB	0.23541831747875414	-0.07927431114692449	1.7198686251050364	0.08782915020287382	1.0	-0.0
COPS5	0.06667462408708988	-0.18376456076178352	1.7105822754703526	0.08974529468074227	1.0	-0.0
CTNNB1	0.20211765559490133	0.02481296349206141	1.6617436462181359	0.09940320940833013	1.0	-0.0
CREB3L1	0.2114630885320338	0.03225516437950397	1.653388267595248	0.10051344245146199	1.0	-0.0
EPAS1	-0.18190306714806154	-0.3745324947078915	1.5930038634121475	0.11378215618878375	1.0	-0.0
NFKBIB	0.21279752541739066	0.12738489774541184	1.5844411269414203	0.11547304087686282	1.0	-0.0
IRF7	0.09931056441757731	-0.03916647241863613	1.5390306986841042	0.12656308851491502	1.0	-0.0
HNF4G	0.12296896928775994	-0.021670270505978338	1.505174063835206	0.1347699717821078	1.0	-0.0
HIF1A	0.08559731281161047	-0.08204514208749904	1.4792354598129485	0.14198701911492173	1.0	-0.0
SRY	0.13973288783026827	-0.04093922895774118	1.4699461451922007	0.1443606431236349	1.0	-0.0
TWIST2	0.11657309066963943	-0.10073109387362514	1.464142011302311	0.14552939338550133	1.0	-0.0
HOXA7	0.20810996971062587	0.05728378394584402	1.4630046341195921	0.14576050771447652	1.0	-0.0
ERF	0.16984444834523127	0.032828657662385866	1.4603190453875323	0.14661587103586068	1.0	-0.0
SIM2	0.12523999356257026	0.016844991519731206	1.4576027297427998	0.1467984078257508	1.0	-0.0
STAT3	0.022335864152972916	-0.11403485618806758	1.4440641697379728	0.15102324696302674	1.0	-0.0
PLAGL2	0.15544871329129312	0.02830280283491999	1.4222793406926044	0.15707328402426834	1.0	-0.0
RARG	0.09641728137370285	0.0007299905702295066	1.380917596253764	0.1692602422814794	1.0	-0.0
ETV5	0.09641728137370285	0.0007299905702295066	1.380917596253764	0.1692602422814794	1.0	-0.0
ATF1	0.21475941955055483	0.09539368113448363	1.3143046346816285	0.19094959751612303	1.0	-0.0
TEAD1	0.10702088603520135	-0.04535561711158161	1.3028450313268358	0.19512087925508476	1.0	-0.0
TFPT	0.24319732796065052	0.09527801813393286	1.2944039822409257	0.1979235332139612	1.0	-0.0
ZNF160	0.47427099285958163	0.2704963649298197	1.278700675497661	0.20337878424452716	1.0	-0.0
RARB	0.07908533660080848	0.030422723620680964	1.2663415302938563	0.20775820937225076	1.0	-0.0
NAB2	0.40152694872059275	0.29264112100056316	1.2605244126862127	0.2099024570731978	1.0	-0.0
HMGB2	0.0026460631684154944	-0.08715075771448842	1.2205425389304527	0.22432943256406526	1.0	-0.0
CHD4	0.2189123321273565	0.08125933746242113	1.1995100831831433	0.23260420298501183	1.0	-0.0
VDR	0.35359159813101876	0.2249548917786001	1.1899348414210065	0.23651091668180563	1.0	-0.0
PPARD	0.28557585860137574	0.1384389415379157	1.1849246623373608	0.2380939985010086	1.0	-0.0
RXRA	0.041221882517810164	-0.08705375030959647	1.1700019324787856	0.24416582659358377	1.0	-0.0
PPARGC1A	0.0706345830288497	-0.10082446355850314	1.1649087786194423	0.24633538615302472	1.0	-0.0
TOP2B	0.14604509277179997	0.09254347754869299	1.1620903160125868	0.24746801783175326	1.0	-0.0
RELA	-0.15923217582308796	-0.29098242557950815	1.1513370036977295	0.2518075274650668	1.0	-0.0
NFYB	0.03434556136889656	-0.07438548194374855	1.1508149986801475	0.2522143180883552	1.0	-0.0
LDB1	0.13294139203257632	0.0777817356744985	1.1248837527128757	0.2627288585389113	1.0	-0.0
ID3	0.13294139203257632	0.0777817356744985	1.1248837527128757	0.2627288585389113	1.0	-0.0
HHEX	0.17089616602013596	0.12340384261922649	1.1241544768455665	0.2631852301265796	1.0	-0.0
CEBPE	0.3413639610545742	0.2020142956065985	1.109448148952229	0.2695991598195772	1.0	-0.0
USF1	0.18800160666383992	0.09577583961616072	1.108928040537567	0.26978239477615856	1.0	-0.0
SIRT1	0.033159148611784275	-0.08797062444004691	1.1011853348300837	0.272783786652956	1.0	-0.0
ZNF444	0.06919852071725878	-0.004693370252977475	1.0738251123655913	0.2848512602296638	1.0	-0.0
SIN3A	0.1206559595530316	0.03571260410254972	1.0661369493465098	0.28825794515967107	1.0	-0.0
PLAG1	0.06630069779302668	-0.03885979561206886	1.0522057117819592	0.2944857045126408	1.0	-0.0
HMGA1	0.1839627880672616	0.07444459660639968	1.043262768936981	0.29902760848452115	1.0	-0.0
SP4	0.23726300183670418	0.12588933440981298	1.0405432219074169	0.30037172566953174	1.0	-0.0
NR1D1	0.06213694474179057	-0.016392432604879405	1.0257727324862926	0.30700378480053564	1.0	-0.0
CEBPG	0.29173442022473556	0.1879108387781269	1.016495433981304	0.3109481977087163	1.0	-0.0
TRPS1	0.03540520602849121	0.00937604602176912	0.9985636712520631	0.31985889260815253	1.0	-0.0
NFYC	0.06775224541423522	-0.0209602858099217	0.9834416791499202	0.32745419046807467	1.0	-0.0
CRTC1	0.282586079210139	0.19144968929781933	0.9686851863932175	0.3343913765134333	1.0	-0.0
DACH1	0.12987048252340472	0.020790818054725872	0.955389885422226	0.3414441766761581	1.0	-0.0
ING2	0.12380461379169236	0.028746134543387793	0.9466219997118321	0.3455828938633737	1.0	-0.0
NFE2L1	0.1590633667264766	0.019613196940556802	0.9404865206239897	0.34882825655436167	1.0	-0.0
MEF2C	0.014301477031785545	-0.026315896295599876	0.909598477395574	0.36467537728110644	1.0	-0.0
HAX1	0.02715917388950924	-0.03485437199897834	0.898250122715087	0.3708999021228182	1.0	-0.0
LYL1	0.04871257860647563	-0.020671129442769	0.8913762723770905	0.37427415252729823	1.0	-0.0
HNF1A	0.05127806286702952	-0.07166334871364152	0.8738997465354605	0.3838734959777561	1.0	-0.0
ELF4	0.1162771704978006	0.011786654817094861	0.8137322806272432	0.41722299523854167	1.0	-0.0
ZIC1	0.2929180476500308	0.21254808948631862	0.8090441875446419	0.42006074802012905	1.0	-0.0
TFAP2A	0.0007514555585104301	-0.062344144352234246	0.7894520491704273	0.43101850027321353	1.0	-0.0
AES	0.0575704819852807	-0.03154105552552643	0.7643004624160128	0.4459502540892911	1.0	-0.0
NFATC2	0.15100956031925827	0.10734896546805107	0.7542818757041436	0.45182517287785073	1.0	-0.0
IRF5	0.05068521024296264	0.0173743765709462	0.7477316315691901	0.45588657748522476	1.0	-0.0
HLF	0.01882085970130954	-0.015392590200704034	0.7469109818355059	0.45649489630295537	1.0	-0.0
NFIB	0.19714792552777827	0.12158302410529068	0.7406428287217832	0.4602844691833319	1.0	-0.0
NKX2-2	0.018759199083978925	-0.016653551346905583	0.6922785010817691	0.48994827356950055	1.0	-0.0
PITX3	0.14953520610336712	0.10434232923201922	0.6914135102153163	0.49056638293247423	1.0	-0.0
ERG	-0.09321056103209553	-0.1600014064362191	0.6414712371484022	0.5223325441100102	1.0	-0.0
NR2F1	0.13595194375567282	0.07371250687460425	0.6393485312026218	0.5236184991784634	1.0	-0.0
HOPX	-0.08546414908138654	-0.17684084855113164	0.6285042572780785	0.5307848306405432	1.0	-0.0
TP73	0.17931831633512368	0.11150844840150878	0.592761950261523	0.5544884733945317	1.0	-0.0
KAT2B	0.10117923953288506	0.05624469506894992	0.5658577697072997	0.5723528269138567	1.0	-0.0
MBD1	0.1080613730622679	0.054986603556494935	0.5476666927442276	0.5848949040820652	1.0	-0.0
TFAP2C	0.06829684656784035	0.004038254628766314	0.5431276959727792	0.5879933784951253	1.0	-0.0
DAXX	0.11170551562924011	0.08733670071967474	0.5328266975887895	0.5950944380489935	1.0	-0.0
ETS1	-0.07783927657056851	-0.14812444034602135	0.5281194801940058	0.5984476530688185	1.0	-0.0
SIRT2	-0.1100611256019618	-0.17119543538026188	0.522531549910658	0.6022343096709375	1.0	-0.0
DR1	-0.16461347917462413	-0.21636186669381818	0.5203164016702657	0.6038847339108415	1.0	-0.0
PAX3	0.08104842592970876	0.03644852094029337	0.508796879666292	0.611866982538886	1.0	-0.0
PA2G4	0.16869156918457542	0.0930122600795873	0.4958005750948192	0.6208921063169652	1.0	-0.0
FOXP2	0.07668880452289385	0.02506730640439058	0.4780027998358656	0.6334683409170767	1.0	-0.0
PAX5	0.05694621667942487	0.014950148626508628	0.46835989973843417	0.6403020714673449	1.0	-0.0
NFKB1	-0.2085625305058005	-0.2667418582519458	0.4625316785287823	0.64457770994977	1.0	-0.0
ARNTL	0.18706476426601645	0.12390253190074292	0.43139489758061256	0.6669612729390852	1.0	-0.0
DLX3	-0.19448385168402424	-0.24644259052178416	0.4282342661708911	0.669188418570134	1.0	-0.0
ONECUT2	0.17189571463723857	0.12991843359768565	0.4192450268125694	0.6756470256171938	1.0	-0.0
IKBKB	-0.05755759669440879	-0.1029432259389993	0.4163832950235864	0.6776743953669798	1.0	-0.0
ELK3	0.051941522064464535	0.027657508729552104	0.3990762625811124	0.6904068890306583	1.0	-0.0
TFCP2	-0.045087387365450676	-0.09912906982574532	0.36465112349636486	0.7159678490926888	1.0	-0.0
FUS	0.101816388887928	0.07363148879179755	0.3589736192690975	0.7202166757073705	1.0	-0.0
TBP	0.08090210011054973	0.05027553028896108	0.34643461838471223	0.7295519036810003	1.0	-0.0
PAX8	0.01400877876492385	-0.012420857711869352	0.3077825406844764	0.7586838810362626	1.0	-0.0
NFATC3	0.28629340669046277	0.23728803486679173	0.304941126937535	0.7609024882412647	1.0	-0.0
CREB3	0.006125669468295081	-0.03738638495544498	0.29786583423727636	0.7663408846178427	1.0	-0.0
BACH2	-0.016545504992458267	-0.049014438055858964	0.2543775722239757	0.7997262056173553	1.0	-0.0
GBX2	0.18279781772582	0.1541984183383516	0.24686914412304706	0.8053665182676438	1.0	-0.0
ZMYND11	0.18279781772582	0.1541984183383516	0.24686914412304706	0.8053665182676438	1.0	-0.0
HOXA5	0.0466799451046659	0.025130130134677454	0.23273015815782147	0.8163487216360803	1.0	-0.0
ESRRG	-0.0034124103118753045	-0.019526410645152825	0.22110239227022202	0.8253241333584402	1.0	-0.0
PIAS2	0.14004999533776097	0.12148957653891429	0.19593760738693292	0.8449164397735894	1.0	-0.0
LMX1B	-0.169508856553601	-0.18458135629155334	0.1777318454872366	0.8591866925488401	1.0	-0.0
NANOG	0.10112263813794489	0.08980916554259044	0.1268234599081203	0.8992723695897878	1.0	-0.0
CLOCK	0.07736360161669513	0.07005999775575474	0.06889623866393906	0.9451741785646977	1.0	-0.0
KLF13	0.04036040189545028	0.036525398123381035	0.05558212942225763	0.9557628187505995	1.0	-0.0
PAX6	-0.13190742308716222	-0.13587926010463083	0.039772727273673064	0.9683284381862409	1.0	-0.0
NKX2-1	0.07070469047390127	0.06897861946966871	0.0195176593730487	0.984460713088094	1.0	-0.0
HDAC2	0.042992419943230796	0.04743562139988675	-0.05074120521003213	0.9596010898070296	1.0	-0.0
MLLT3	-0.06429208783518095	-0.05626043921599743	-0.06751798358323469	0.9462912135413337	1.0	-0.0
ELL	-0.08685256808109279	-0.07691445713372286	-0.08711442162587665	0.9307393959348019	1.0	-0.0
ABL1	-0.05918576733955046	-0.0518007258551131	-0.08803237957428203	0.9299667731006633	1.0	-0.0
DLX5	-0.02602527130992342	-0.01208857083330648	-0.10355135998169508	0.917710858504978	1.0	-0.0
TAF4	-0.06162811124130865	-0.05790025892916181	-0.11571479567886014	0.9080373647156563	1.0	-0.0
HINFP	0.028074910032519832	0.03308605199566899	-0.1262321590242221	0.899710227263369	1.0	-0.0
HDAC5	-0.06320392236482131	-0.052708518475596725	-0.1322933525244794	0.8949392339159348	1.0	-0.0
HOXC10	0.04972065492892743	0.05523355063331925	-0.14865464069010859	0.8820403102846267	1.0	-0.0
HOXC9	0.04972065492892743	0.05523355063331925	-0.14865464069010859	0.8820403102846267	1.0	-0.0
PARP1	0.004917428696056381	0.017862331255532157	-0.15812436223769044	0.8745959912937914	1.0	-0.0
MAZ	-0.10658237888190539	-0.09179187561851844	-0.17089401529570694	0.8645785498709386	1.0	-0.0
RARA	-0.19866087956446807	-0.17418467383613426	-0.20085545457286888	0.8411483815154094	1.0	-0.0
ELF3	-0.062232800201210504	-0.03441362327592626	-0.23063185923993096	0.8179512896653883	1.0	-0.0
PHOX2B	-0.044165279109054385	-0.024516979207994297	-0.23350383091736224	0.8157097310494286	1.0	-0.0
SOX11	-0.02245464675330142	-0.007263672314720067	-0.26242604049824914	0.7933700013891343	1.0	-0.0
TRRAP	-0.2995009378756683	-0.2694987326636346	-0.26519657082799847	0.7912527061442561	1.0	-0.0
NR2F6	-0.0664400872149245	-0.05098605376680333	-0.28126403737165506	0.7789854630462745	1.0	-0.0
ID2	-0.04032774959034383	-0.022816720979439615	-0.30794671785459743	0.7585751120310508	1.0	-0.0
JUN	-0.14792302886961003	-0.10801552928682825	-0.34155349262066	0.733297977571848	1.0	-0.0
YY1	0.14076242810517822	0.16895887500047885	-0.34433838159543884	0.7311808833857179	1.0	-0.0
ZFHX3	0.06058628828859548	0.10139421800857479	-0.35418200095761104	0.7238805128431582	1.0	-0.0
STAT6	-0.28695429186091304	-0.24149158475186336	-0.3895089037925538	0.6976113535980615	1.0	-0.0
TBPL1	-0.08404995647579956	-0.06698577522848209	-0.4180599922034018	0.6765944652547379	1.0	-0.0
RBPJ	-0.018459855672408806	0.02357740852689976	-0.429579085201144	0.668241687246074	1.0	-0.0
SMARCA1	-0.42870121602573674	-0.3770457051018809	-0.4812085167436617	0.6311046561036626	1.0	-0.0
SMARCB1	-0.42870121602573674	-0.3770457051018809	-0.4812085167436617	0.6311046561036626	1.0	-0.0
BRD7	0.12923429019923058	0.184315772835621	-0.5223129708083519	0.602439460642409	1.0	-0.0
FOXL2	0.2965850926093169	0.368614458088029	-0.538403146264628	0.5912805938128591	1.0	-0.0
ID1	-0.07805804964049556	-0.03544750815718934	-0.5392510884821617	0.5906231000948836	1.0	-0.0
SP3	0.134182171166359	0.18365187837270458	-0.5575912451985923	0.5782400990860206	1.0	-0.0
KLF15	-0.029837299688695074	0.006564123632451326	-0.5736664502358663	0.5672308022394609	1.0	-0.0
OTX2	0.20455261171848335	0.2514867796963445	-0.586834244392336	0.5580822955376721	1.0	-0.0
SKIL	-0.04577597717144998	0.011277022010912753	-0.6012692148565072	0.5488209543683586	1.0	-0.0
LMO3	-0.13580337348766575	-0.10180748300744287	-0.6114751724513801	0.5420902482018187	1.0	-0.0
FOXE1	0.22138292518982164	0.3161384530581145	-0.6286984317008477	0.5306262097374406	1.0	-0.0
ESRRA	0.08567514588834195	0.1725527773416138	-0.6333421181074428	0.5277887905914418	1.0	-0.0
GFI1	-0.02404438163751462	0.04490450141762296	-0.6511391733893763	0.51611482829736	1.0	-0.0
PCBD1	-0.21512999038826977	-0.11252555628824645	-0.655992424948396	0.5130059920210923	1.0	-0.0
NFIX	-0.14488480393187178	-0.04718354474396284	-0.6563487402010386	0.5128469708606289	1.0	-0.0
AR	-0.04593370467331315	0.004494006270103288	-0.6598835487323833	0.5103919696261396	1.0	-0.0
ESR2	0.07892504256955687	0.1539556573709543	-0.729557714447461	0.4667592603959083	1.0	-0.0
FOXL1	-0.040767781205101696	0.06584688724017633	-0.7601534554928286	0.448736539438346	1.0	-0.0
ZNRD1	-0.0440752295806499	0.022391005052569676	-0.8231272862163135	0.4118518253243091	1.0	-0.0
TBX5	-0.15113505237301048	-0.09264438240371489	-0.8537203559009439	0.39474108677788666	1.0	-0.0
PHOX2A	0.06605375441157703	0.12488249719323767	-0.8609668185907043	0.3909315178709859	1.0	-0.0
DEK	-0.07577577250087084	-0.028201037234751584	-0.888710888173451	0.375353492154219	1.0	-0.0
SOX9	0.028408008644829816	0.07843042822479697	-0.8951361099848182	0.3723276496553798	1.0	-0.0
HSF4	-0.020188371674936555	0.044501305419654386	-0.9460131884451133	0.34589940131567487	1.0	-0.0
HNF1B	-0.15273829864657662	-0.07259466802437356	-0.9530167948688485	0.34220280724339436	1.0	-0.0
GLI3	0.059205511433209866	0.1089419884950837	-0.963573423178378	0.33681542218320015	1.0	-0.0
HEY2	0.08876243475522869	0.19432046268326053	-0.9705866174175622	0.3336500755882743	1.0	-0.0
HAND2	-0.018409366560733175	0.06100385290563409	-0.9725379822029914	0.3325686713033088	1.0	-0.0
ZNF175	-0.13279858702062944	-0.05945926983882963	-0.9775533304538895	0.33024230997715776	1.0	-0.0
SPIB	-0.33212308771610294	-0.2202194130294272	-0.9837849069492305	0.3269388118075306	1.0	-0.0
GTF3A	0.004853401401462376	0.13722546901038662	-0.9920872786324669	0.3230417954086642	1.0	-0.0
FOXA1	-0.21525523764109417	-0.1361903489520882	-1.0375997256524874	0.3009429635283526	1.0	-0.0
ELK4	-0.10950065889779403	0.04582459002140544	-1.0733583657473382	0.28528325594395176	1.0	-0.0
KLF8	-0.25859778034566494	-0.12252917741991032	-1.1046916139863947	0.27116420557915194	1.0	-0.0
FOSL1	-0.10804863352873578	-0.007962914316275724	-1.1132556306063188	0.26751502077991623	1.0	-0.0
PIAS4	-0.3419927270754959	-0.22806383168065195	-1.1153089952609898	0.2667594780096714	1.0	-0.0
RFX5	0.23517918531887488	0.42995073708842385	-1.1179359776096536	0.26577175435498374	1.0	-0.0
LRRFIP1	-0.013363136534244556	0.06516315533608903	-1.1355488536565022	0.25811185591294766	1.0	-0.0
TRIB3	-0.12332175868779686	-0.001791067673062312	-1.1517746121302102	0.25163820364481854	1.0	-0.0
THRB	0.09268942060014505	0.2346562577226656	-1.1542582649533328	0.2505099302704241	1.0	-0.0
BARD1	-0.10766772861874191	-0.04384193819791666	-1.1630865888676587	0.24688922293350382	1.0	-0.0
GATA1	-0.37316686346495914	-0.25670367142701805	-1.1700780535494115	0.24414028892375858	1.0	-0.0
SOX17	-0.0055824859674220885	0.08949926124432983	-1.175377008028426	0.2422427272575647	1.0	-0.0
CEBPD	-0.23917574643542197	-0.10996951989787894	-1.1876244716129223	0.2370322329579182	1.0	-0.0
PCGF2	-0.04451444987605104	0.03271162180428902	-1.1943137876397791	0.23423580025215204	1.0	-0.0
GATA2	-0.2118026652142134	-0.09238297288867574	-1.2029218862384374	0.231472957730704	1.0	-0.0
NR0B2	-0.3960879692404786	-0.25643698699088113	-1.2070883621821376	0.22970351587437837	1.0	-0.0
HDAC7	-0.07711963296398681	0.02762268724370629	-1.2168247350863302	0.2256930716948332	1.0	-0.0
MTA3	-0.06146668149353536	0.011030388180321073	-1.2220392564378948	0.22380645036245886	1.0	-0.0
NFE2L2	-0.029949928052893596	0.05123078704439237	-1.2294392113720338	0.22113277627163433	1.0	-0.0
SIX1	-0.1823917661266437	-0.04464071828449572	-1.2422731262295108	0.216561854089007	1.0	-0.0
GTF2I	-0.13717886659031092	-0.02999971280692924	-1.2435124170593086	0.21597944873470834	1.0	-0.0
CREG1	-0.0699071251764024	0.004063340476587388	-1.287832974771562	0.1998202358605992	1.0	-0.0
MYOG	-0.04107253970681521	0.013556878661921878	-1.297286775899886	0.19708598274613845	1.0	-0.0
RB1CC1	-0.15306721930300712	-0.08114975419304013	-1.2977007213872227	0.19695942787530665	1.0	-0.0
MTA1	-0.19848794203962986	-0.09199594978133761	-1.3058864177396823	0.19370989719183493	1.0	-0.0
CTCFL	-0.13289832487039016	0.01646443826241262	-1.332439252298483	0.1849034268250302	1.0	-0.0
NCOA6	-0.28309831506007005	-0.11768095770873711	-1.350477056426017	0.17952812118667197	1.0	-0.0
EAF1	-0.10267307211202546	-0.056915486175272555	-1.3561151888053868	0.17754036100452195	1.0	-0.0
ING1	-0.02269552313725625	0.10701655279415728	-1.3649914798978444	0.17459152773931094	1.0	-0.0
NR1H4	-0.3205709770447367	-0.16839254755872635	-1.3746145309711426	0.17187498969359127	1.0	-0.0
NR2C2	-0.035354343868954675	0.039199720967684856	-1.3984444355309473	0.1644679671204199	1.0	-0.0
TBX3	-0.1652099046867696	-0.0033233481500315296	-1.4356845731941372	0.1533973108859502	1.0	-0.0
TBX2	-0.1652099046867696	-0.0033233481500315296	-1.4356845731941372	0.1533973108859502	1.0	-0.0
DEAF1	-0.048163172139361096	0.00976332375484028	-1.438001527764872	0.15294735582182967	1.0	-0.0
TFAP2B	-0.2015163290618962	0.03496177594867927	-1.452353231444075	0.14894221650437972	1.0	-0.0
IRF2	-0.16505148930806643	-0.038737132624079997	-1.471302145151808	0.143511972859283	1.0	-0.0
SHOX	-0.1959760176149588	-0.046447574124457075	-1.5007466865175683	0.1360775090269163	1.0	-0.0
ZEB2	-0.30807852731575497	-0.1308472280090699	-1.542829730863441	0.12518351948417417	1.0	-0.0
SPIC	-0.13761184016104117	-0.07537351181660297	-1.5958833688192515	0.11268854566506221	1.0	-0.0
TWIST1	-0.2993987868424494	-0.10288271928725076	-1.6034469739936508	0.11164495454576455	1.0	-0.0
PBX2	-0.15083200818578413	0.04712932709432469	-1.6386955008554651	0.10357089125393806	1.0	-0.0
MKL1	-0.4954218213578122	-0.29127710392624856	-1.710438325110043	0.08951016091626948	1.0	-0.0
CIITA	-0.02686133354331089	0.16941234554033507	-1.7191758767824261	0.0880038979438658	1.0	-0.0
HNF4A	-0.25698594176355216	-0.06447347228505412	-1.7383971155333426	0.08473548166168628	1.0	-0.0
PER1	-0.11731999399279698	0.03765964235196906	-1.7645203288479767	0.08013520385337067	1.0	-0.0
MXD1	-0.15933611247956495	-0.07425946227755774	-1.77120342431965	0.07901193500795835	1.0	-0.0
ATF7	-0.2365629551814945	-0.11157764739680286	-1.8207695063755158	0.07084480458724118	1.0	-0.0
NFAT5	-0.15248085224395241	0.0991092248774316	-1.8806251584044553	0.06239406341532503	1.0	-0.0
VEZF1	-0.13629036064439248	-0.06196236081648765	-1.8935052037832505	0.060266815792972224	1.0	-0.0
SP7	-0.16357887339950947	-0.04764492587093764	-1.9220392447336396	0.05676475016345614	1.0	-0.0
NCOR1	0.15141309239968273	0.38919331439344174	-1.9290629090746063	0.05587163217266803	1.0	-0.0
ERCC2	-0.11509491795666144	0.058705988638249496	-1.9333307913790085	0.055264935064228714	1.0	-0.0
PGR	-0.05370500089253289	0.14777872734387285	-1.944949911148948	0.054474430575471855	1.0	-0.0
MEN1	-0.4195731561418049	-0.2317797840407453	-1.969743403970572	0.05103077386093811	1.0	-0.0
SND1	-0.23956174938670288	0.026285912577709264	-1.9821918525677251	0.04985751556946217	1.0	-0.0
EAPP	-0.05266398396634637	0.17647572227502273	-1.9841965911220285	0.049330924856855224	1.0	-0.0
SSB	-0.014827516511274678	0.16662996791515916	-2.0079406607849126	0.0466076111850128	1.0	-0.0
EHF	-0.37462655538683703	-0.10844818089309473	-2.017973928887668	0.045639336964110724	1.0	-0.0
MAML1	-0.09736402253293232	0.11024008671068661	-2.0608622410476625	0.04123833159299159	1.0	-0.0
TGIF1	-0.18302102598571093	-0.0021064939101702895	-2.0813024458199414	0.0392419447873354	1.0	-0.0
STAT5B	-0.3725570028137123	-0.15766554298223745	-2.1310100646779064	0.034854713189645975	1.0	-0.0
HDAC3	0.0036823949364754725	0.222581497703585	-2.1434899612336387	0.03427862453981447	1.0	-0.0
NRF1	-0.043008072347905574	0.18362971329175642	-2.1936728402642776	0.029984257454273317	1.0	-0.0
TOB1	-0.050011884323908865	0.07648396934690146	-2.201478208237847	0.02949221479562478	1.0	-0.0
EGR2	-0.4259533572199548	-0.19830161767845214	-2.2041865034754786	0.029400861010718055	1.0	-0.0
SMAD7	-0.14472330608074868	0.14252281907042688	-2.242113952203172	0.027130983983225925	1.0	-0.0
SMAD4	-0.24617032336676203	0.03296774841377288	-2.2747603866302897	0.024852463298473317	1.0	-0.0
ZNF143	-0.4326840772600714	-0.24791113926263236	-2.317119165586538	0.022355145816494334	1.0	-0.0
ESR1	-0.4174350983076017	-0.13829608023326756	-2.3200394378414906	0.02208415966867475	1.0	-0.0
SP2	-0.24739459065075842	0.08289175556976411	-2.3203732196205715	0.021920291764439583	1.0	-0.0
CRABP2	-0.09822534215202773	0.03574669632223238	-2.3375529539663376	0.02099098837946467	1.0	-0.0
HOXD9	-0.1325544260100006	-0.05687760066705119	-2.348814833794791	0.020298177006802486	1.0	-0.0
HOXB1	-0.16558749943969264	0.1621167248526811	-2.376761073349969	0.01895928131675361	1.0	-0.0
ZIC2	-0.16558749943969264	0.1621167248526811	-2.376761073349969	0.01895928131675361	1.0	-0.0
HOXB13	-0.16558749943969264	0.1621167248526811	-2.376761073349969	0.01895928131675361	1.0	-0.0
SMAD3	-0.3275494491389508	-0.04107900163326773	-2.3886931131973173	0.01864097602917751	1.0	-0.0
SNAI2	-0.47926791526407203	-0.14163058179278043	-2.4012728106651897	0.017956785008971306	1.0	-0.0
HDAC11	-0.12445003461175463	0.0692691867950567	-2.4092793336087612	0.017329447847481354	1.0	-0.0
BCL11A	-0.2968669373660144	-0.13105034255095838	-2.4124098277368184	0.017149227606512496	1.0	-0.0
HES6	-0.16310979093714323	0.07120713422943811	-2.426508687767743	0.01665615063392149	1.0	-0.0
EHMT2	-0.4007221380336526	-0.16196829292044418	-2.4313891034541792	0.01652953065108085	1.0	-0.0
ANKRD1	-0.12055363016785813	0.004867218547787046	-2.4327628887372614	0.016320357123333885	1.0	-0.0
TNFAIP3	-0.36760507672866555	-0.13874268071670387	-2.44372042509604	0.015998573789568718	1.0	-0.0
SKI	-0.14285373886490121	0.08751952890556197	-2.488253455018317	0.014313244215300645	1.0	-0.0
PBX1	-0.29061990454358405	-0.06410787683059262	-2.522821879551689	0.012949173783529923	1.0	-0.0
ILF2	-0.12572888955429576	-0.03729364278585711	-2.566204255754736	0.011254226422967062	1.0	-0.0
AIP	-0.17945229902379195	0.12563756951707353	-2.614838379268078	0.010000791672482386	1.0	-0.0
DENND4A	-0.6976445176430571	-0.35804664230388406	-2.630912621281782	0.009891298416030756	1.0	-0.0
NR1I2	-0.22539737702078577	0.05245600039071812	-2.6603383108630068	0.008804901873306065	1.0	-0.0
ZBTB5	-0.49358968006213044	-0.1323761254624691	-2.6783285419937455	0.00853453997043375	1.0	-0.0
CBX8	-0.49358968006213044	-0.1323761254624691	-2.6783285419937455	0.00853453997043375	1.0	-0.0
KLF16	-0.49358968006213044	-0.1323761254624691	-2.6783285419937455	0.00853453997043375	1.0	-0.0
NFIA	-0.49358968006213044	-0.1323761254624691	-2.6783285419937455	0.00853453997043375	1.0	-0.0
ZBTB17	-0.49358968006213044	-0.1323761254624691	-2.6783285419937455	0.00853453997043375	1.0	-0.0
FOXG1	-0.49358968006213044	-0.1323761254624691	-2.6783285419937455	0.00853453997043375	1.0	-0.0
CITED2	-0.35287114958945726	0.07652218565541835	-2.705539559775205	0.007689701333811188	1.0	-0.0
CTCF	-0.20209198818218072	0.036348719292959006	-2.7098931897792626	0.007635730562573456	1.0	-0.0
KLF12	-0.25109865347311716	0.012247397250932107	-2.7167015427927765	0.007561623605587914	1.0	-0.0
MLLT10	-0.4585075297648491	-0.13714005913527685	-2.7484134829189193	0.006927363041925348	1.0	-0.0
KLF5	-0.7628856562950627	-0.3130846125110797	-2.761846867672093	0.0067386607793601516	1.0	-0.0
NR4A2	-0.25576570909901686	0.1373392405737901	-2.7795733719713382	0.006238703636363302	1.0	-0.0
POU2AF1	-0.6598841647808124	-0.34794068852978594	-2.7999792596826985	0.005968461008765047	1.0	-0.0
EGR1	-0.341887124931762	0.01603447331280964	-2.801707613172265	0.00600744775978004	1.0	-0.0
TRERF1	-0.18328105392498628	0.1349112573232152	-2.811627923823812	0.005638045774652348	1.0	-0.0
SATB2	-0.0961171257559614	0.14842954120776908	-2.8481347773916954	0.005150505370169774	1.0	-0.0
BMI1	-0.24464640783267255	0.08617176157353042	-2.8531209832671527	0.005059311425865062	1.0	-0.0
KLF9	-0.2599146044017682	0.010486960955955702	-2.9726712031597953	0.003476565451483555	1.0	-0.0
E2F3	-0.4572550953754012	-0.05810862117937836	-2.980931071201788	0.0035892893610285515	1.0	-0.0
IRF4	-0.5092153197509531	-0.2415221774891373	-3.0008205462686997	0.0032230003660792617	1.0	-0.0
SP100	-0.24418712471479118	0.07937699111760041	-3.0131611076823237	0.0030341839230004736	1.0	-0.0
XRCC5	-0.24418712471479118	0.07937699111760041	-3.0131611076823237	0.0030341839230004736	1.0	-0.0
DDB2	-0.34995629450868915	-0.09099088571234648	-3.017769308163162	0.0030627655040501296	1.0	-0.0
TCF4	-0.5103052565610622	-0.16757828267228322	-3.036488760741737	0.002995286643301306	1.0	-0.0
ARNTL2	-0.5036362033142208	-0.18969191916406822	-3.0404815607351785	0.002805045882186068	1.0	-0.0
SALL4A	-0.16779260563622916	0.25510017237020016	-3.0501591708377185	0.002809590390136312	1.0	-0.0
NR0B1	-0.1928092858009815	0.1848661353397419	-3.0571033836260666	0.0027260296938236487	1.0	-0.0
ATM	-0.11147097555268302	0.1750243721345509	-3.0621592246549354	0.0026828893143729564	1.0	-0.0
XBP1	-0.38704150029084256	-0.14030666927063698	-3.0897589411460666	0.0024174802058126174	1.0	-0.0
URI1	-0.3757184499556397	-0.10304709800327294	-3.11684472009531	0.002197201015479399	1.0	-0.0
NCOA2	-0.3757184499556397	-0.10304709800327294	-3.11684472009531	0.002197201015479399	1.0	-0.0
HEYL	-0.3757184499556397	-0.10304709800327294	-3.11684472009531	0.002197201015479399	1.0	-0.0
FOXH1	-0.3757184499556397	-0.10304709800327294	-3.11684472009531	0.002197201015479399	1.0	-0.0
TLE3	-0.2478395238556791	-0.10432981034781158	-3.1337470368251075	0.002165423946366459	1.0	-0.0
L3MBTL1	-0.2478395238556791	-0.10432981034781158	-3.1337470368251075	0.002165423946366459	1.0	-0.0
RELB	-0.3559008549766979	0.07942744241543272	-3.2316726165671867	0.0015517215064485132	0.9729293845432178	0.011918679789338431
CEBPZ	-0.2713252670110112	0.10492204198131228	-3.2373726137794816	0.0015075460820742454	0.9452313934605518	0.024461862811702505
HOXA10	-0.4460222015684272	-0.1196028464546639	-3.26394685541919	0.0014667245164199645	0.9196362717953177	0.03638390785741541
SP1	-0.24330133466614734	0.08154785800285337	-3.294473750919298	0.001267070649405112	0.7944532971770053	0.0999316281916263
NFKB2	-0.4282647388583076	-0.08740842972313291	-3.3386115687677074	0.0010658634308889298	0.668296371167359	0.17503089707811803
SREBF2	-0.427247843387055	-0.1622815901011324	-3.36123890637636	0.0010080692745482295	0.6320594351417399	0.19924208130554227
CDCA7L	-0.3695135594261589	0.11755405391718483	-3.393116285111328	0.0009161512827817786	0.5744268543041752	0.24076526513849134
SOX10	-0.1725211459364214	0.029795086248213868	-3.394074116249403	0.0008801427632578615	0.5518495125626792	0.2581793367164031
RFWD2	-0.46287283909999705	0.0709133641965085	-3.3970288467750533	0.0009120021148595782	0.5718253260169556	0.24273661374571398
HEY1	-0.22835229990996908	0.21423751959240633	-3.401552115350807	0.000918420447685373	0.5758496206987289	0.23969091488839384
NFKBIA	-0.19131421295941145	0.13655970655020983	-3.4142064428397636	0.000831242943202519	0.5211893253879794	0.28300448776484716
ZNF267	-0.5272920702648848	-0.005055940315487629	-3.42760850916081	0.0008278101356980896	0.5190369550827022	0.28480171957518485
NOTCH3	-0.5601464750168237	-0.0853304889186052	-3.4406611540781094	0.0007940861936807549	0.4978920434378333	0.3028648139106301
KCNIP3	-0.20911613053802602	-0.049291855526727275	-3.486049685575923	0.0006649916987556993	0.4169497951198235	0.37991623523023127
ILF3	-0.4992836134206678	-0.18518132195674952	-3.50559086654237	0.0006567668186162055	0.41179279527236085	0.3853212560687145
ZNF76	-0.48503654285128733	-0.1454941113649221	-3.5359073547208886	0.0005876060601557501	0.36842899971765536	0.4336461930200402
HOXB7	-0.55620533738555	-0.1352183107374197	-3.5576404496734915	0.0005240996614022589	0.32861048769921636	0.4833185800451638
ZNF239	-0.1752452631003033	-0.047707295094410615	-3.5802257720811346	0.0004678289751528071	0.29332876742081004	0.5326453426810169
FOXI1	-0.3726838309093162	-0.06040727265909406	-3.584805502066853	0.0005044853130763717	0.31631229129888505	0.4998839318921598
TSC22D1	-0.3950813822500861	-0.04388951626646092	-3.5896382087933127	0.000473414195081108	0.29683070031585473	0.5274911832843531
STAT2	-0.6427728248433436	-0.2525003630898376	-3.6049468907227187	0.0004661216616096266	0.2922582818292359	0.5342331732310479
MAFA	-0.31673039343086623	-0.01188191541042209	-3.634279701154156	0.0003980257556303562	0.24956214878023333	0.6028212836628452
POU3F2	-0.12453313959061188	0.09307275743732088	-3.637256685956527	0.00038523601898542	0.24154298390385834	0.6170055729408324
MYB	-0.7969524894973888	-0.3763187954603491	-3.6567071670970317	0.00037787875760605526	0.23692998101899665	0.6253799803609525
PER2	-0.5678017755207465	0.15436458585270263	-3.663870056300906	0.0003771750634608369	0.23648876478994474	0.6261894870852998
SUZ12	-0.5678017755207465	0.15436458585270263	-3.663870056300906	0.0003771750634608369	0.23648876478994474	0.6261894870852998
GCM2	-0.14935160279030818	-0.014160375299726738	-3.680060403097615	0.00035129091948066053	0.22025940651437415	0.657065535310679
PTTG1	-0.6713483981047712	-0.2447311717080586	-3.6982048560380436	0.00033197449216515706	0.20814800658755347	0.681627743951699
FOXP1	-0.4423754574993531	-0.03233742656797241	-3.7015128660453853	0.00031801316162709427	0.1993942523401881	0.700287364644808
RREB1	-0.4423754574993531	-0.03233742656797241	-3.7015128660453853	0.00031801316162709427	0.1993942523401881	0.700287364644808
MYOD1	-0.3906310266797419	-0.008399964586662933	-3.7050651286161886	0.0003326994172529275	0.20860253461758554	0.680680418997965
GFI1B	-0.3231409331525413	0.1382972288046505	-3.7668449283170147	0.0002387830346166019	0.1497169627046094	0.8247289919637605
JUND	-0.36302236858287185	-0.05584549239153192	-3.8414690402655216	0.00018150120206963306	0.11380125369765993	0.9438529534859691
TBX21	-0.24724757102460132	-0.013935818229522898	-3.8427156915740786	0.0001953262398218459	0.12246955236829737	0.9119718695201805
MBD2	-0.36670775543397377	0.05782446476423449	-3.865959324442225	0.00017791898889640568	0.11155520603804636	0.9525101573313903
EZH2	-0.8800609381802741	-0.33847495086044765	-3.906321343944084	0.0001559755645681593	0.09779667898423587	1.0096758928944993
ZEB1	-0.7594443260709535	-0.2661187619764765	-3.9072581878743566	0.0001623310436503641	0.10178156436877829	0.9923308783644049
HTATIP2	-0.37258251631059575	0.32758345193510413	-3.9090335557742217	0.00014917284741365665	0.09353137532836271	1.0290426795418073
CBFA2T3	-0.5808469099181596	-0.16539341091972393	-3.916360018440355	0.0001319134436811108	0.08270972918805648	1.0824434011589097
SFPQ	-0.5266386195649988	-0.20509010386700915	-3.969013425754299	0.00012969127022244617	0.08131642642947375	1.08982171532743
MEIS1	-0.412353140099638	0.026293196863571417	-3.986639245476465	0.00011136906650453702	0.06982840469834471	1.1559678797493318
RFX3	-0.2749112951563719	-0.09407763218472254	-3.9999930893391387	0.00010253788765266053	0.06429125555821816	1.1918480927222335
ATF3	-0.19409752054548923	0.29498140781088394	-4.000413488156711	0.00010641272514562746	0.06672077866630842	1.1757388938974809
STAT5	-0.8223940902520831	-0.33871368802966484	-4.023608956814917	9.742296108364171e-05	0.06108419659944335	1.2140711337411416
JDP2	-0.7735113089069887	-0.1732560101304048	-4.054060225172934	9.04634899481433e-05	0.056720608197485846	1.2462591209950202
IKZF1	-0.3947158845035014	-0.005368600364575007	-4.065247620721224	8.141012638888094e-05	0.05104414924582835	1.292054030185687
ZBTB14	-0.5295509056462402	-0.003709854751490728	-4.1469683417303695	6.785154695876251e-05	0.042542919943144096	1.3711727055081542
TLX1	-0.6608483116685238	-0.18290505252204536	-4.149700199615506	7.036216844772762e-05	0.04411707961672522	1.355393243927198
SRF	-0.7155663733235691	-0.14766476665216807	-4.167459548702663	6.176389037400595e-05	0.03872595926450173	1.411997815708976
PITX2	-0.48411646350371906	-0.13131866865604633	-4.220562099420581	4.720442830278176e-05	0.029597176545844164	1.528749716949364
BCL6	-0.42041964232583584	-0.050674733484886436	-4.245274861565916	4.090722909332524e-05	0.025648832641514928	1.590932396200717
SALL4	-0.52726042880119	-0.09396656467652212	-4.2658326791920915	4.052525939172841e-05	0.02540933763861371	1.5950066558329192
HOXC13	-0.3986756549702426	-0.12093085491810424	-4.285773878579896	3.183293838198125e-05	0.019959252365502247	1.699855730564578
FLI1	-0.26358694855412745	0.12457947573445316	-4.311790326922415	3.248544717889844e-05	0.020368375381169323	1.6910436097397037
SALL3	-0.6181025339994957	-0.1300031478134063	-4.327991362405599	2.722078906247433e-05	0.017067434742171404	1.7678317490105777
MTA2	-0.4684328796411074	-0.10854658305820251	-4.411781708571576	2.0354587505976596e-05	0.012762326366247325	1.8940701535196174
JUNB	-0.716249896999629	-0.17926521391201672	-4.414822723145224	2.2691250671650277e-05	0.014227414171124723	1.8468740256542255
FOXF2	-0.8195985132685488	-0.23400975399739576	-4.4973992220867665	1.4630739138328026e-05	0.009173473439731673	2.037466192128825
TRAF6	-0.6142508344912426	0.1140618675779283	-4.534084224140411	1.3708064477911772e-05	0.008594956427650681	2.065756320638225
TEAD4	-0.6142508344912426	0.1140618675779283	-4.534084224140411	1.3708064477911772e-05	0.008594956427650681	2.065756320638225
ZFP36L1	-0.6142508344912426	0.1140618675779283	-4.534084224140411	1.3708064477911772e-05	0.008594956427650681	2.065756320638225
LIMD1	-0.3603241811433494	0.04254192879761404	-4.5465717887415344	1.0598106228382684e-05	0.0066450126051959425	2.1775041908895187
AATF	-0.7427992719734641	-0.13967450750519408	-4.555118027236498	1.4417882993245901e-05	0.00904001263676518	2.0438309624368545
ZNF24	-0.5254096423208997	0.21404570986716664	-4.572916252517449	1.1351461142349084e-05	0.007117366136252875	2.1476806923346308
ARID3A	-0.18725498282590047	-0.0011722352866061923	-4.586515409713049	9.277691842737551e-06	0.005817112785396445	2.2352925157786534
NF1	-0.6018777987064303	0.03162996698695827	-4.590433338081676	1.1707850437504242e-05	0.00734082222431516	2.134255293287738
HOXC6	-0.9992743616663459	-0.07448220133865853	-4.597299935370155	1.0828928862186406e-05	0.0067897383965908765	2.168146958430207
RBBP7	-0.6322292457033686	-0.11957734387733436	-4.638887267003985	8.462157542693814e-06	0.005305772779269021	2.2752513526994527
TCF12	-0.6322292457033686	-0.11957734387733436	-4.638887267003985	8.462157542693814e-06	0.005305772779269021	2.2752513526994527
ZNF217	-0.6322292457033686	-0.11957734387733436	-4.638887267003985	8.462157542693814e-06	0.005305772779269021	2.2752513526994527
PIAS3	-0.7293015364454476	-0.20345645086034791	-4.7346110240121515	5.94435154163646e-06	0.0037271084166060607	2.4286279740159653
SMURF2	-0.5851485561296825	0.07228509941571906	-4.735949942956214	6.701109440649755e-06	0.004201595619287396	2.3765857483991404
SNAI1	-0.8835991412317779	-0.2287624995526183	-4.736942898756833	6.267205002082794e-06	0.003929537536305912	2.4056585583392343
DNMT3A	-0.5247119455080866	0.002721027862467105	-4.742365206262972	5.307137696344845e-06	0.0033275753356082176	2.477872103405932
NR2E3	-0.1410329534997358	-0.0185095294724308	-4.777326749751803	4.589512744926155e-06	0.002877624491068699	2.5409658789528446
TRIM16	-0.60856114041164	-0.1112367043050746	-4.822836113771576	3.268743452857698e-06	0.002049502144941777	2.6883516228288697
HDAC4	-0.5845853146659635	0.019955295325979307	-4.8987805534967945	2.900878763612462e-06	0.0018188509847850138	2.740202880450848
ZNF148	-0.7439499609191661	-0.16317784239227537	-4.959302311518242	2.3348539439294876e-06	0.0014639534228437887	2.8344727405752446
ZNF300	-0.8858346407188339	-0.16402252992765742	-4.963517488027365	2.5144353946776885e-06	0.0015765509924629106	2.802291977731102
MTF1	-0.7141321967190394	-0.10074017208991184	-5.038575768501693	1.67009651474821e-06	0.0010471505147471277	2.9799908894520053
NKX2-5	-0.5277828515025056	0.014663914192526412	-5.154383324833938	8.243658132048673e-07	0.0005168773648794517	3.2866124860625137
NRIP1	-0.658463981213131	-0.09161200843815795	-5.170753781084878	9.835240100274964e-07	0.0006166695542872403	3.2099474926819274
STAT4	-0.9142228188662014	-0.24492775805700093	-5.232454894632416	8.699809728879608e-07	0.0005454780700007514	3.2632227047806968
ZNF383	-0.640695339067813	-0.13283324027760796	-5.297442985222875	5.516124992173924e-07	0.00034586103700930506	3.461098360694406
PAX4	-0.6614930829190522	0.050990461388807334	-5.316134605662382	4.600466453810936e-07	0.0002884492466539457	3.539930590956009
HCFC1	-0.33235519305305367	-0.0014835053385219186	-5.332781599255159	5.161550767574689e-07	0.000323629233126933	3.4899522558721903
PPARA	-0.7833559464727737	-0.20270984027400524	-5.409265940808954	2.4182902088028765e-07	0.00015162679609194036	3.8192240416689898
MED1	-0.7109485672555287	-0.17678367771650952	-5.414473611308809	3.917261296778863e-07	0.0002456122833080347	3.6097499175003196
HIPK2	-0.8809765442443194	0.07595450373549542	-5.45099786192353	2.6321823341161174e-07	0.00016503783234908057	3.782416489137033
ELF2	-0.4553545968289018	-0.10542101405647501	-5.466418420488649	2.1596205450793521e-07	0.00013540820817647538	3.8683550087845298
MZF1	-0.8789983149712117	0.0763387962537045	-5.5170719438479185	1.7742546890816955e-07	0.00011124576900542231	3.95371649749346
FOSB	-0.8472818678884975	-0.043278587721947065	-5.525828270025552	1.711577894303125e-07	0.00010731593397280593	3.9693357904039925
CREB1	-0.6771122890148339	-0.1282596848384645	-5.577654920368064	1.5095019995682098e-07	9.464577537292675e-05	4.023898766519763
CHD8	-0.9290418550103916	-0.2597989696205747	-5.6487750358991535	7.492637161847983e-08	4.6978835004786855e-05	4.328097757189444
APEX1	-0.6445758351530626	-0.1152145723361911	-5.65745776733625	1.0675149147401329e-07	6.693318515420633e-05	4.174358507702584
MYBL2	-1.1146927058505227	-0.22416741484297345	-5.660134652710801	1.6415916673892656e-07	0.00010292779754530695	3.987467320182034
LMO2	-0.5593020667862287	0.05846715681421021	-5.6765971606656205	9.48093045387689e-08	5.9445433945808104e-05	4.225881498291649
ELK1	-0.6489911971253877	-0.02472624497266497	-5.727442538746915	7.775509270887576e-08	4.87524431284651e-05	4.312003615644938
AHR	-0.5044714433874463	0.24791721296593414	-5.7409979775317765	7.27795273328009e-08	4.563276363766616e-05	4.340723228438756
FOXM1	-0.6492334774313226	0.00865690604119471	-5.8087647378899385	5.192176079308114e-08	3.255494401726188e-05	4.487383047145994
HES1	-0.7536785280613215	-0.1519173899631918	-5.860448402069828	3.336630178365624e-08	2.092067121835246e-05	4.6794243856866835
HSF1	-0.9169595701216066	-0.11657729020562267	-5.877728842270846	2.9530714055385674e-08	1.851575771272682e-05	4.732458510796671
SERTAD1	-0.8734380835025388	-0.19818092398736767	-5.915719678307721	2.8639244824244867e-08	1.795680650480153e-05	4.745770897104252
RNF14	-0.81025517164416	-0.029129300601241144	-5.927305944073433	2.3226813095464243e-08	1.456321181085608e-05	4.83674283395801
SREBF1	-0.6154768034509694	0.09833162124980024	-5.961107828856073	2.4425328558392224e-08	1.5314681006111924e-05	4.814892044807664
PITX1	-0.8653188111258958	-0.21958783762541106	-6.077649546114343	1.4298375612639719e-08	8.965081509125104e-06	5.047445757546044
NFIL3	-1.1004628879848888	-0.2610226521607347	-6.095767509171689	1.4195466298399603e-08	8.900557369096551e-06	5.050582796192877
ZFP36	-0.6931641157327628	-0.015504442525182623	-6.2745149378343905	6.730304207719435e-09	4.2199007382400855e-06	5.374697764522118
ZNF202	-0.7611892140415564	-0.2542884019439631	-6.31649152512534	4.198286711593592e-09	2.6323257681691826e-06	5.579660364844031
POU2F2	-0.8883132480875426	-0.19036789895287015	-6.335607854709186	5.585547893201675e-09	3.50213852903745e-06	5.455666679153015
MAX	-1.4316509428975275	-0.30951083697225235	-6.375234976184492	3.991695581709238e-09	2.5027931297316924e-06	5.601575045848787
STAT5A	-0.7574423307946072	-0.10641800816997299	-6.726640560195985	5.532312590911631e-10	3.4687599945015924e-07	6.459825748203335
POU2F1	-0.6289361924877956	-0.13572048476787585	-6.776215528101902	4.696203806431523e-10	2.9445197866325647e-07	6.5309855229552936
FOSL2	-0.621991784751877	-0.06351385291828418	-6.806542478711673	3.720097027895038e-10	2.332500836490189e-07	6.632178191833121
HOXA1	-1.1178589901584992	-0.1582087060635406	-6.822541154323031	4.317124462921212e-10	2.7068370382516e-07	6.567537889600184
WWP1	-0.45893444492274965	0.025096991969310367	-6.82799786779639	1.394799203153209e-10	8.745391003770622e-08	7.05822076857709
PHB2	-0.7491214689641136	-0.10076330963962307	-6.898009865440978	2.4297057304487975e-10	1.523425492991396e-07	6.817178781201046
RAD51	-0.42816727173672375	-0.022264909822688687	-6.911133580233918	1.8286035037558553e-10	1.1465343968549212e-07	6.940612911592391
SATB1	-0.9082453448820366	-0.18403313098152105	-7.391626508693339	1.9433517359374222e-11	1.2184815384327638e-08	7.9141810465510805
HDAC10	-1.3327880589734502	-0.3594652022950401	-7.450341564804618	7.346373397626944e-12	4.606176120312094e-09	8.336659460506093
CDX1	-1.5484617266122052	-0.2941391297371289	-7.522937709352124	2.0781671248943346e-11	1.3030107873087478e-08	7.88505198885436
POU4F1	-0.7496445179803113	-0.0914115250250966	-7.667946884096446	4.803385863644438e-12	3.0117229365050625e-09	8.521184983560834
POU4F2	-1.0819333315397563	-0.08279420576218974	-7.857383607966218	1.2986819429400207e-12	8.14273578223393e-10	9.089229657087243
TSC22D3	-1.7207417168668324	-0.4586034226627806	-7.945212092089987	1.8466440942582286e-12	1.1578458470999093e-09	8.936349257715936
TCF7L2	-1.4306797317104099	-0.3149928841957244	-8.560937768997405	9.629745929721236e-14	6.037850697935215e-11	10.219117630276907
MYC	-1.9632303600810592	-0.5521530712393513	-8.562060832836817	1.193807688961205e-13	7.485174209786755e-11	10.125798087442687
E2F1	-1.7539508683289553	-0.3540097851024092	-8.704103464717685	6.952556054384336e-14	4.3592526460989784e-11	10.360587960157119
TFDP1	-2.16936347641965	-0.35743764855967924	-9.720192110769963	2.9219431387903455e-16	1.8320583480215468e-13	12.73706069888855
TP53BP1	-1.0816610131950182	-0.20937561986115866	-10.36909796170563	1.8103218503219405e-18	1.1350718001518567e-15	14.94497666585104
MYCN	-2.268278197810033	-0.46312316799888853	-10.761646753797146	1.1498458498026726e-18	7.209533478262757e-16	15.14209283713512
