TF1	TF2	corrE_A375	corrIE_A375	corrEZ_A375	corrIEZ_A375	Zobs(TCPS)_A375	p_value_A375	FDR_A375	negLog10_FDR_A375	corrE_HT29	corrIE_HT29	corrEZ_HT29	corrIEZ_HT29	Zobs(TCPS)_HT29	p_value_HT29	FDR_HT29	negLog10_FDR_HT29	negLog10_FDR_SUM
DENND4A	SFPQ	0.57043	0.05707	0.6481600000000001	0.05712999999999999	5.48413	4.155090000000001e-08	8.00729e-05	4.096509999999999	0.7119	0.18692	0.89102	0.18914	5.54885	2.8755299999999998e-08	0.000332486	3.4782300000000004	7.575
FOXO3	POU2F2	-0.5020100000000001	-0.05948	-0.55198	-0.05955	-4.56924	4.89485e-06	0.00140051	2.85371	-0.70219	-0.10336	-0.87161	-0.10372999999999999	-6.07061	1.27423e-09	4.3226099999999996e-05	4.36425	7.218
POLR1A	POU2F2	-0.7861100000000001	-0.41157	-1.0611700000000002	-0.4375	-5.78699	7.1659200000000004e-09	3.03634e-05	4.51765	-0.73721	-0.37928	-0.9443299999999999	-0.39921999999999996	-4.30947	1.6364400000000002e-05	0.0103402	1.98547	6.503
E2F8	POU2F2	-0.7861100000000001	-0.41157	-1.0611700000000002	-0.4375	-5.78699	7.1659200000000004e-09	3.03634e-05	4.51765	-0.73721	-0.37928	-0.9443299999999999	-0.39921999999999996	-4.30947	1.6364400000000002e-05	0.0103402	1.98547	6.503
E2F7	POU2F2	-0.7861100000000001	-0.41157	-1.0611700000000002	-0.4375	-5.78699	7.1659200000000004e-09	3.03634e-05	4.51765	-0.73721	-0.37928	-0.9443299999999999	-0.39921999999999996	-4.30947	1.6364400000000002e-05	0.0103402	1.98547	6.503
POU2F2	TCF7L2	0.6605800000000001	0.24843	0.79385	0.25373	5.01166	5.396370000000001e-07	0.000363261	3.4397800000000003	0.76951	0.33664	1.01912	0.3503	5.28751	1.23994e-07	0.000974913	3.01103	6.451
IFI16	TLX1	-0.73041	-0.32823	-0.9296	-0.34085	-5.4629900000000005	4.681719999999999e-08	8.6817e-05	4.0614	-0.713	-0.29817	-0.89326	-0.30751	-4.630780000000001	3.64293e-06	0.00492703	2.30741	6.369
FOXO3	POLR1A	0.53423	0.19942000000000001	0.59605	0.20213	3.6551199999999997	0.000257059	0.0147099	1.8323900000000002	0.73715	0.17521	0.9442	0.17703	6.06501	1.31945e-09	4.3226099999999996e-05	4.36425	6.197
E2F7	FOXO3	0.53423	0.19942000000000001	0.59605	0.20213	3.6551199999999997	0.000257059	0.0147099	1.8323900000000002	0.73715	0.17521	0.9442	0.17703	6.06501	1.31945e-09	4.3226099999999996e-05	4.36425	6.197
E2F8	FOXO3	0.53423	0.19942000000000001	0.59605	0.20213	3.6551199999999997	0.000257059	0.0147099	1.8323900000000002	0.73715	0.17521	0.9442	0.17703	6.06501	1.31945e-09	4.3226099999999996e-05	4.36425	6.197
AATF	RUNX3	-0.5269199999999999	0.0229	-0.58587	0.02291	-5.64881	1.61562e-08	4.47288e-05	4.34941	-0.6014	-0.23305	-0.69534	-0.23740999999999998	-3.6202400000000003	0.00029433	0.038187900000000004	1.4180700000000002	5.767
MYBL2	RUNX3	-0.6158399999999999	-0.12247999999999999	-0.71828	-0.12309	-5.52264	3.33939e-08	6.95656e-05	4.15761	-0.57294	-0.16317	-0.65188	-0.16464	-3.8519699999999997	0.000117169	0.024658700000000002	1.6080299999999998	5.766
ENO1	TLX1	-0.8966799999999999	-0.69767	-1.45499	-0.86274	-5.49547	3.8967999999999995e-08	7.58389e-05	4.1201099999999995	-0.85655	-0.6825399999999999	-1.28023	-0.83386	-3.5288800000000005	0.000417322	0.0450223	1.34657	5.467
MXI1	TLX1	-0.8966799999999999	-0.69767	-1.45499	-0.86274	-5.49547	3.8967999999999995e-08	7.58389e-05	4.1201099999999995	-0.85655	-0.6825399999999999	-1.28023	-0.83386	-3.5288800000000005	0.000417322	0.0450223	1.34657	5.467
CEBPE	MYBL2	-0.57134	-0.1964	-0.64951	-0.19898	-4.18046	2.90924e-05	0.0041894	2.37785	-0.55286	0.04945	-0.62249	0.04949	-5.3124400000000005	1.0816599999999999e-07	0.0008858989999999999	3.05262	5.430
ENO1	RUNX3	0.63155	0.17701	0.7439899999999999	0.17889000000000002	5.243530000000001	1.5753e-07	0.00017810799999999998	3.7493199999999995	0.57836	0.16756	0.65999	0.16915	3.88038	0.00010429200000000001	0.0235364	1.62826	5.378
MXI1	RUNX3	0.63155	0.17701	0.7439899999999999	0.17889000000000002	5.243530000000001	1.5753e-07	0.00017810799999999998	3.7493199999999995	0.57836	0.16756	0.65999	0.16915	3.88038	0.00010429200000000001	0.0235364	1.62826	5.378
IFI16	RUNX3	0.37839	-0.13634000000000002	0.39818000000000003	-0.1372	4.96773	6.77425e-07	0.000418735	3.37806	0.46335	-0.03601	0.50157	-0.03603	4.25013	2.13646e-05	0.0118002	1.9281099999999998	5.306
RUNX3	SMARCA4	0.46748	-0.05849	0.50684	-0.05856	5.24621	1.55263e-07	0.00017810799999999998	3.7493199999999995	0.62856	0.25448000000000004	0.73903	0.2602	3.78548	0.000153413	0.0279791	1.5531700000000002	5.302
SMARCA4	TLX1	-0.32195	0.054520000000000006	-0.33382	0.05457000000000001	-3.6038099999999997	0.000313588	0.0163946	1.7853	-0.69789	-0.17099	-0.86318	-0.17269	-5.45878	4.79419e-08	0.00047118400000000003	3.32681	5.112
CEBPE	MXI1	0.59635	0.25495999999999996	0.6874600000000001	0.26071	3.95972	7.5037e-05	0.00750234	2.1248	0.5715100000000001	-0.01222	0.64976	-0.01222	5.23341	1.6641200000000002e-07	0.00109036	2.96243	5.087
CEBPE	ENO1	0.59635	0.25495999999999996	0.6874600000000001	0.26071	3.95972	7.5037e-05	0.00750234	2.1248	0.5715100000000001	-0.01222	0.64976	-0.01222	5.23341	1.6641200000000002e-07	0.00109036	2.96243	5.087
MYBL2	TLX1	0.87511	0.66138	1.35451	0.79525	5.18924	2.11154e-07	0.00021266200000000002	3.67231	0.85387	0.6713899999999999	1.2702799999999999	0.81328	3.61291	0.000302775	0.0386775	1.41254	5.085
FOXL2	SOX17	-0.59407	-0.12201	-0.68393	-0.12262999999999999	-5.20832	1.90562e-07	0.00020101	3.6967800000000004	-0.43072	-0.0219	-0.46078	-0.02191	-3.4696300000000004	0.000521172	0.0498643	1.30221	4.999
APEX1	HIC1	-0.47873999999999994	0.01926	-0.5213399999999999	0.01926	-5.01621	5.27021e-07	0.0003597	3.44406	-0.52441	-0.10659	-0.58241	-0.107	-3.75845	0.000170966	0.029435400000000004	1.5311299999999999	4.975
MYCN	POU2F2	0.67271	0.26418	0.81567	0.27059	5.05774	4.24263e-07	0.000307731	3.5118300000000002	0.6493899999999999	0.30834	0.7742399999999999	0.31871	3.60125	0.000316686	0.039391	1.4046	4.916
SFPQ	YBX1	-0.5508	-0.11434000000000001	-0.61953	-0.11484000000000001	-4.68297	2.82745e-06	0.00100684	2.99704	-0.6150800000000001	-0.18408	-0.71706	-0.1862	-4.19676	2.70763e-05	0.013272399999999998	1.87705	4.874
POU2F2	SFPQ	0.47675	-0.00853	0.51877	-0.00853	4.89279	9.94142e-07	0.000543489	3.2648099999999998	0.5139199999999999	0.08363	0.56805	0.08383	3.82809	0.000129144	0.025850400000000003	1.5875299999999999	4.852
HIC1	NFRKB	0.35226	-0.14287	0.36803	-0.14386	4.7497	2.0371900000000003e-06	0.000846594	3.07232	0.41163999999999995	-0.07012	0.43758	-0.07024	4.01463	5.9538999999999994e-05	0.0183102	1.73731	4.810
HOXA1	TLX1	0.6741	0.29825999999999997	0.81822	0.30761	4.7379	2.1594e-06	0.000878651	3.05618	0.7933899999999999	0.5209699999999999	1.08051	0.57767	3.9752400000000003	7.03081e-05	0.0196498	1.7066400000000002	4.763
SFPQ	SPDEF	-0.43293000000000004	0.03812	-0.4635	0.03814	-4.65463	3.2457e-06	0.0010962	2.96011	-0.57257	-0.13607	-0.65133	-0.13692000000000001	-4.06674	4.76751e-05	0.0163957	1.7852700000000001	4.745
APBB1	ASCL1	0.45724	0.09863999999999999	0.49382	0.09896	3.6638699999999997	0.000248436	0.0144701	1.8395299999999999	0.62221	0.07812999999999999	0.7286	0.07829	5.14109	2.73149e-07	0.00142183	2.84715	4.687
APEX1	ILF3	0.42671000000000003	-0.05943	0.45587	-0.0595	4.782030000000001	1.73533e-06	0.000769988	3.1135200000000003	0.44648999999999994	0.01875	0.4803	0.01875	3.6489	0.000263361	0.0359745	1.444	4.558
HIC1	ZNF383	-0.35453	0.13867000000000002	-0.37061	0.13957	-4.7339	2.20244e-06	0.00087992	3.05556	-0.38218	0.063	-0.40260999999999997	0.06308	-3.68163	0.00023175099999999998	0.0340209	1.46825	4.524
ELF1	HHEX	0.27349	-0.08198	0.28063	-0.08216	3.3662900000000002	0.000761875	0.027395799999999998	1.5623200000000002	0.45353000000000004	-0.16704000000000002	0.48913	-0.16862	5.200019999999999	1.9927199999999999e-07	0.00119806	2.92152	4.484
ECD	GATA6	0.42446999999999996	0.03742	0.45314	0.03744	3.8572	0.000114692	0.00957295	2.01895	0.5973	0.09167	0.68894	0.09193	4.71978	2.36102e-06	0.00389488	2.40951	4.428
RUNX3	STAT4	-0.28385	0.21144000000000002	-0.29186999999999996	0.21468	-4.7001599999999994	2.59961e-06	0.000953341	3.02075	-0.41353999999999996	0.013309999999999999	-0.43987	0.013309999999999999	-3.5827400000000003	0.000340009	0.0406726	1.3907	4.411
CEBPE	DLX5	-0.26533	0.07773	-0.27183	0.07787999999999999	-3.24499	0.00117453	0.0347019	1.45965	-0.38156999999999996	0.25261	-0.4019	0.2582	-5.21854	1.80336e-07	0.00114347	2.94177	4.401
TCF4	ZNF300	0.64561	0.25506	0.76774	0.26082	4.70368	2.55515e-06	0.0009458610000000001	3.0241700000000002	0.59125	0.22496999999999998	0.6795899999999999	0.22889	3.5630800000000002	0.00036653099999999996	0.042347699999999995	1.37317	4.397
DENND4A	ILF3	0.4533	0.02502	0.48883999999999994	0.02502	4.30377	1.67918e-05	0.00300882	2.5216	0.55899	0.10242000000000001	0.63136	0.10278	4.1788	2.9305700000000003e-05	0.013981700000000001	1.85444	4.376
POLR1A	YBX1	0.57088	0.18027	0.64882	0.18225999999999998	4.3292	1.49651e-05	0.00278299	2.5554900000000003	0.6423800000000001	0.24011999999999997	0.76222	0.2449	4.08974	4.31851e-05	0.015837	1.80033	4.356
E2F7	YBX1	0.57088	0.18027	0.64882	0.18225999999999998	4.3292	1.49651e-05	0.00278299	2.5554900000000003	0.6423800000000001	0.24011999999999997	0.76222	0.2449	4.08974	4.31851e-05	0.015837	1.80033	4.356
E2F8	YBX1	0.57088	0.18027	0.64882	0.18225999999999998	4.3292	1.49651e-05	0.00278299	2.5554900000000003	0.6423800000000001	0.24011999999999997	0.76222	0.2449	4.08974	4.31851e-05	0.015837	1.80033	4.356
AATF	HOXA1	0.77364	0.48705	1.0293299999999999	0.5321899999999999	4.6129	3.97092e-06	0.00124093	2.90625	0.7542	0.48235	0.98261	0.52605	3.60949	0.00030680400000000004	0.0389124	1.40991	4.316
RUNX3	ZBTB7A	0.43613999999999997	-0.03452	0.46746000000000004	-0.03453	4.65787	3.1949599999999996e-06	0.00108594	2.9641900000000003	0.33907	-0.0895	0.35304	-0.08974	3.50045	0.000464475	0.0472319	1.32576	4.290
CEBPE	HOXA1	-0.34454	0.02797	-0.35923	0.02798	-3.59288	0.000327048	0.016806799999999997	1.7745099999999998	-0.3262	0.26339	-0.33857	0.26975	-4.80919	1.5154300000000001e-06	0.00334696	2.47535	4.250
E2F4	POU2F2	-0.45371000000000006	-0.1068	-0.48936	-0.10720999999999999	-3.54595	0.000391206	0.018690400000000003	1.72838	-0.64755	-0.1666	-0.77107	-0.16817000000000001	-4.766369999999999	1.8757499999999998e-06	0.00344427	2.4629	4.191
HOXA10	NUPR1	-0.29957	0.12616	-0.30905	0.12684	-4.04455	5.24231e-05	0.00608036	2.21607	-0.52023	-0.03363	-0.5766600000000001	-0.033639999999999996	-4.29288	1.76366e-05	0.010601600000000001	1.9746299999999999	4.191
CDX2	SFPQ	-0.25847	0.13738	-0.26447	0.13825	-3.7368300000000003	0.000186358	0.0124767	1.9039	-0.64266	-0.18101	-0.76269	-0.18303	-4.5826199999999995	4.59185e-06	0.00549473	2.26005	4.164
CEBPE	STAT4	-0.24333000000000002	0.2076	-0.24831	0.21066	-4.2587	2.05617e-05	0.0034021	2.46825	-0.34601	0.13545	-0.36091	0.13629000000000002	-3.93065	8.47167e-05	0.0212957	1.6717099999999998	4.140
HOXA10	RARA	-0.47996000000000005	-0.1002	-0.52293	-0.10054	-3.91934	8.879299999999999e-05	0.00830331	2.08075	-0.56006	-0.08061	-0.6329199999999999	-0.08077999999999999	-4.36503	1.27104e-05	0.00893898	2.04871	4.129
ENO1	HOXA1	-0.81347	-0.5759	-1.13719	-0.6563	-4.46207	8.11709e-06	0.00193085	2.71425	-0.85495	-0.67551	-1.27426	-0.82081	-3.58481	0.000337318	0.0404951	1.3926	4.107
HOXA1	MXI1	-0.81347	-0.5759	-1.13719	-0.6563	-4.46207	8.11709e-06	0.00193085	2.71425	-0.85495	-0.67551	-1.27426	-0.82081	-3.58481	0.000337318	0.0404951	1.3926	4.107
BACH2	PGR	0.07846	-0.28115999999999997	0.07862000000000001	-0.28895	3.41065	0.000648094	0.0251415	1.59961	0.61527	0.10442	0.71735	0.10480999999999999	4.84261	1.28146e-06	0.00311329	2.50678	4.106
TCF4	ZBTB7A	-0.56155	-0.20035	-0.6350899999999999	-0.2031	-4.00842	6.11264e-05	0.00665667	2.17674	-0.53709	-0.06557	-0.60006	-0.06567	-4.22472	2.39235e-05	0.0123636	1.90785	4.085
CEBPE	IFI16	0.31335	-0.07495	0.32425	-0.07509	3.7054300000000002	0.00021103099999999998	0.0132358	1.87825	0.38213	-0.16584000000000002	0.40255	-0.16739	4.50575	6.613939999999999e-06	0.00670137	2.17384	4.052
FOXO3	POU2AF1	-0.38424	-0.02543	-0.40503	-0.02543	-3.52225	0.00042790300000000004	0.019832699999999998	1.70262	-0.59268	-0.09029	-0.68179	-0.09054	-4.67427	2.94995e-06	0.00449095	2.34766	4.050
FOXO3	ZNF143	-0.48508	-0.08642999999999999	-0.52961	-0.08665	-4.11015	3.954e-05	0.00511305	2.2913200000000002	-0.61458	-0.20285	-0.71624	-0.2057	-4.03618	5.4328999999999994e-05	0.0176807	1.7525	4.044
SFPQ	SMURF2	0.20613	-0.15633	0.20913	-0.15762	3.40303	0.00066642	0.025525	1.59303	0.5977600000000001	0.08993999999999999	0.68965	0.09018	4.73918	2.1458099999999997e-06	0.00373265	2.42798	4.021
CEBPE	SMARCA4	0.22254000000000002	-0.15663	0.22633000000000003	-0.15793	3.56552	0.00036313199999999995	0.0178214	1.7490599999999998	0.5271100000000001	0.00995	0.58613	0.00995	4.55512	5.23564e-06	0.0059146	2.22807	3.977
DEK	HLTF	0.21853000000000003	-0.14812	0.22211	-0.14920999999999998	3.4455	0.000570007	0.0232889	1.63285	0.53223	0.0028	0.59325	0.0028	4.66798	3.04173e-06	0.00452951	2.34395	3.977
DENND4A	RARB	-0.34103	0.0568	-0.35525999999999996	0.05686	-3.8240199999999995	0.000131295	0.0102291	1.99016	-0.45991000000000004	0.04551	-0.4972	0.04554	-4.29071	1.7810399999999998e-05	0.010641	1.97302	3.963
AATF	TLX1	0.68272	0.39461999999999997	0.83419	0.41726	3.8686800000000003	0.00010942700000000001	0.00932365	2.03041	0.7912100000000001	0.49108999999999997	1.07466	0.5374899999999999	4.24669	2.1695700000000003e-05	0.0118779	1.9252599999999997	3.956
KLF5	RB1	-0.384	0.020880000000000003	-0.40474	0.020880000000000003	-3.94927	7.83902e-05	0.00768515	2.11435	-0.40038	0.09838	-0.4241	0.0987	-4.13304	3.5800300000000003e-05	0.0147817	1.83028	3.945
HBP1	PURA	0.5624100000000001	0.17090999999999998	0.63634	0.1726	4.30302	1.68489e-05	0.0030163	2.52053	0.43627	0.01069	0.46761	0.0107	3.6122400000000003	0.00030356400000000004	0.0386964	1.4123299999999999	3.933
RUVBL1	SRSF1	0.37601999999999997	-0.05955	0.39542	-0.059620000000000006	4.2222800000000005	2.41846e-05	0.00373721	2.42745	0.48205	0.056920000000000005	0.52565	0.05699	3.70514	0.00021127	0.032469200000000004	1.48853	3.916
PAX2	SRSF1	0.37601999999999997	-0.05955	0.39542	-0.059620000000000006	4.2222800000000005	2.41846e-05	0.00373721	2.42745	0.48205	0.056920000000000005	0.52565	0.05699	3.70514	0.00021127	0.032469200000000004	1.48853	3.916
SRSF1	YEATS4	0.37601999999999997	-0.05955	0.39542	-0.059620000000000006	4.2222800000000005	2.41846e-05	0.00373721	2.42745	0.48205	0.056920000000000005	0.52565	0.05699	3.70514	0.00021127	0.032469200000000004	1.48853	3.916
RB1	SP1	-0.39507	-0.03238	-0.41778999999999994	-0.032389999999999995	-3.5761300000000005	0.000348719	0.0174372	1.75852	-0.66533	-0.23155	-0.80232	-0.23583	-4.47853	7.51591e-06	0.0071027	2.14858	3.907
DENND4A	FOXO4	-0.43075	-0.06859	-0.46082	-0.0687	-3.6384199999999995	0.000274313	0.015236000000000001	1.81713	-0.6270399999999999	-0.17832	-0.73653	-0.18025	-4.3977699999999995	1.09369e-05	0.0082685	2.08257	3.900
DENND4A	POU2F2	0.44492	0.10869000000000001	0.47835	0.10912000000000001	3.42605	0.000612419	0.0242799	1.61475	0.5829	0.08755	0.66684	0.08778	4.57792	4.69624e-06	0.00549473	2.26005	3.875
FOXO3	YBX1	0.51098	0.13543	0.56405	0.13626	3.96939	7.20567e-05	0.00731979	2.1355	0.68847	0.32511	0.84503	0.33735	4.0136400000000005	5.97902e-05	0.0183102	1.73731	3.873
HBP1	SMAD3	-0.51161	-0.18311	-0.56491	-0.18519000000000002	-3.52337	0.00042609300000000006	0.019762799999999997	1.70415	-0.61175	-0.1424	-0.71172	-0.14338	-4.49316	7.017439999999999e-06	0.00684	2.16494	3.869
CEBPE	ZBTB7A	0.36148	-0.056139999999999995	0.37858	-0.0562	4.034269999999999	5.4772600000000005e-05	0.00621973	2.20623	0.26468	-0.21994	0.27113000000000004	-0.22359	3.9111	9.187629999999999e-05	0.0220918	1.65577	3.862
DLX5	HNF4A	0.31604	-0.02962	0.32724000000000003	-0.02963	3.3113599999999996	0.000928425	0.030519599999999997	1.51542	0.49956999999999996	-0.03893	0.54874	-0.03895	4.646059999999999	3.3833600000000002e-06	0.00475035	2.32327	3.839
POU2F2	RBL1	-0.50488	-0.20025	-0.55584	-0.20299	-3.2740299999999998	0.00106024	0.032752699999999996	1.48475	-0.63634	-0.15954000000000002	-0.752	-0.16092	-4.67287	2.97014e-06	0.00449095	2.34766	3.832
APBB1	POU2F1	-0.29072	0.04332	-0.29935	0.04335	-3.1799	0.00147326	0.039287699999999995	1.40574	-0.64286	-0.16469	-0.7630399999999999	-0.16621	-4.718369999999999	2.37742e-06	0.00389488	2.40951	3.815
DENND4A	POLR1A	-0.45912	-0.11072	-0.4962	-0.11118	-3.57255	0.00035352699999999996	0.017588200000000002	1.75478	-0.5989300000000001	-0.1385	-0.69148	-0.13939000000000001	-4.3646400000000005	1.2733299999999999e-05	0.00893898	2.04871	3.803
DENND4A	E2F8	-0.45912	-0.11072	-0.4962	-0.11118	-3.57255	0.00035352699999999996	0.017588200000000002	1.75478	-0.5989300000000001	-0.1385	-0.69148	-0.13939000000000001	-4.3646400000000005	1.2733299999999999e-05	0.00893898	2.04871	3.803
DENND4A	E2F7	-0.45912	-0.11072	-0.4962	-0.11118	-3.57255	0.00035352699999999996	0.017588200000000002	1.75478	-0.5989300000000001	-0.1385	-0.69148	-0.13939000000000001	-4.3646400000000005	1.2733299999999999e-05	0.00893898	2.04871	3.803
E2F6	TFDP1	-0.7652	-0.51804	-1.00863	-0.57365	-4.03613	5.43404e-05	0.00618784	2.2084599999999996	-0.76852	-0.48655	-1.01671	-0.5315300000000001	-3.83569	0.00012521399999999998	0.025531799999999997	1.5929200000000001	3.801
POU2F2	YBX1	-0.65561	-0.42498	-0.78508	-0.45375	-3.0743400000000003	0.00210971	0.0480861	1.31798	-0.74245	-0.33774	-0.9559200000000001	-0.35154	-4.778	1.77047e-06	0.00344427	2.4629	3.781
ENO1	MYBL2	-0.99595	-0.9905299999999999	-3.1004	-2.67393	-3.95718	7.58387e-05	0.00752889	2.12327	-0.99802	-0.9947600000000001	-3.45736	-2.97075	-3.84701	0.000119566	0.0249231	1.6034	3.727
MXI1	MYBL2	-0.99595	-0.9905299999999999	-3.1004	-2.67393	-3.95718	7.58387e-05	0.00752889	2.12327	-0.99802	-0.9947600000000001	-3.45736	-2.97075	-3.84701	0.000119566	0.0249231	1.6034	3.727
MYOCD	MYOD1	-0.3532	0.053070000000000006	-0.3691	0.05312000000000001	-3.9176800000000003	8.94059e-05	0.00832378	2.0796799999999998	-0.48895	-0.04102	-0.53468	-0.04104	-3.90254	9.518729999999999e-05	0.0225699	1.64647	3.726
MTF1	MYOD1	0.5102	0.12045	0.563	0.12103	4.100969999999999	4.11415e-05	0.00523055	2.28145	0.65183	0.30999	0.7784800000000001	0.32053000000000004	3.62036	0.000294196	0.038187900000000004	1.4180700000000002	3.700
TFDP1	ZNF202	0.45061	0.051789999999999996	0.48546999999999996	0.051829999999999994	4.023619999999999	5.7309700000000005e-05	0.0063897	2.1945200000000002	0.5122899999999999	0.09694	0.56583	0.09725	3.7045	0.00021181	0.032469200000000004	1.48853	3.683
DR1	MYBL2	0.13733	-0.22333000000000003	0.1382	-0.22716	3.3901199999999996	0.0006986210000000001	0.0262069	1.58158	0.39	-0.14464000000000002	0.41179	-0.14565999999999998	4.4070800000000006	1.04774e-05	0.00801356	2.09617	3.678
E2F1	MYCN	0.80737	0.6108100000000001	1.11943	0.71022	3.79704	0.000146436	0.010931999999999999	1.9613	0.8498600000000001	0.63625	1.2556399999999999	0.75185	3.9828099999999997	6.810550000000001e-05	0.0194682	1.7106700000000001	3.672
E2F4	E2F6	0.73714	0.47428000000000003	0.94419	0.51558	3.9771099999999997	6.97567e-05	0.0071653	2.1447700000000003	0.6388199999999999	0.27464	0.7561899999999999	0.28188	3.7497300000000005	0.000177026	0.029920099999999998	1.52404	3.669
RUNX3	SIRT1	0.26126	-0.15741	0.26746	-0.15872999999999998	3.95455	7.66799e-05	0.00758176	2.12023	0.39186	-0.0637	0.414	-0.06379	3.77722	0.00015858700000000002	0.028546199999999997	1.54445	3.665
RBL2	ZNF143	-0.39294	-0.013730000000000001	-0.41527	-0.013730000000000001	-3.72579	0.00019470799999999998	0.012740600000000001	1.8948099999999999	-0.35831	0.13606	-0.37494	0.13691	-4.046530000000001	5.1982700000000006e-05	0.017144200000000002	1.76588	3.661
HIC1	HIF1A	-0.40548	-0.02678	-0.43018999999999996	-0.026789999999999998	-3.74318	0.000181707	0.012312700000000001	1.90965	-0.52165	-0.07216	-0.5786	-0.07229	-4.00274	6.26118e-05	0.018865700000000003	1.72433	3.634
IRF1	POU2F2	-0.23178	0.10142999999999999	-0.23606999999999997	0.10178	-3.1349400000000003	0.00171891	0.042644999999999995	1.3701299999999998	-0.6339	-0.16816	-0.7479100000000001	-0.16977	-4.57059	4.86349e-06	0.00559058	2.25254	3.623
HEXIM1	SIX1	-0.47851000000000005	-0.10683	-0.52105	-0.10724000000000002	-3.83972	0.000123173	0.00988168	2.00517	-0.5262600000000001	-0.09691	-0.58495	-0.09722	-3.85589	0.00011531100000000001	0.0244345	1.612	3.617
E2F6	KLF5	-0.31790999999999997	0.058339999999999996	-0.32932	0.058410000000000004	-3.59763	0.000321125	0.0166197	1.77938	-0.43768	0.0559	-0.46936000000000005	0.05596	-4.15299	3.2815500000000005e-05	0.014659899999999998	1.8338700000000001	3.613
E2F4	TFDP1	-0.7569899999999999	-0.56424	-0.98913	-0.63903	-3.2486099999999998	0.00115971	0.0344565	1.4627299999999999	-0.82239	-0.53727	-1.16415	-0.60031	-4.45754	8.2904e-06	0.00733229	2.13476	3.597
DENND4A	FOXO3	-0.47203	-0.08632999999999999	-0.51268	-0.08653999999999999	-3.9540699999999998	7.68336e-05	0.00759067	2.11972	-0.65815	-0.31304	-0.7895399999999999	-0.32391	-3.68115	0.00023218799999999998	0.0340371	1.46805	3.588
FOS	POU1F1	0.42927	0.07374	0.459	0.07387	3.57361	0.000352095	0.0175347	1.7561	0.5543899999999999	0.10128999999999999	0.62469	0.10164	4.13508	3.54827e-05	0.0147817	1.83028	3.586
YBX1	YY1	0.11434000000000001	-0.27831	0.11484000000000001	-0.28585	3.7179599999999997	0.000200842	0.012943200000000002	1.8879599999999999	0.55675	0.12616	0.62812	0.12684	3.96294	7.40322e-05	0.0200996	1.69681	3.585
RARB	REST	0.14040999999999998	-0.25298000000000004	0.14134000000000002	-0.2586	3.7110199999999995	0.00020642400000000003	0.01311	1.8824	0.30574	-0.18278	0.31584	-0.18486	3.95839	7.54562e-05	0.0203178	1.69212	3.575
ILF3	RBMX	-0.42655	-0.04917	-0.45568000000000003	-0.049210000000000004	-3.77156	0.000162228	0.0115245	1.93838	-0.45871999999999996	-0.0053100000000000005	-0.49568999999999996	-0.0053100000000000005	-3.8767699999999996	0.000105852	0.023780000000000003	1.62379	3.562
PRDM1	RUNX3	0.08017	-0.31417	0.08034	-0.32516	3.76265	0.00016812200000000001	0.011787	1.9286	0.39181	-0.0721	0.41394	-0.07222	3.84346	0.000121313	0.0251274	1.59985	3.528
E2F4	POLR1A	0.65809	0.36827	0.78943	0.38642	3.73956	0.00018434099999999998	0.0123965	1.9067	0.65725	0.29083000000000003	0.78795	0.29948	3.86176	0.000112575	0.0242368	1.61552	3.522
E2F4	E2F8	0.65809	0.36827	0.78943	0.38642	3.73956	0.00018434099999999998	0.0123965	1.9067	0.65725	0.29083000000000003	0.78795	0.29948	3.86176	0.000112575	0.0242368	1.61552	3.522
E2F4	E2F7	0.65809	0.36827	0.78943	0.38642	3.73956	0.00018434099999999998	0.0123965	1.9067	0.65725	0.29083000000000003	0.78795	0.29948	3.86176	0.000112575	0.0242368	1.61552	3.522
AATF	MYBL2	0.85049	0.70775	1.25793	0.88266	3.48213	0.0004974490000000001	0.0215329	1.6669	0.8799100000000001	0.69297	1.3753799999999998	0.8536600000000001	4.12456	3.71438e-05	0.0148078	1.8295099999999997	3.496
AATF	IFI16	-0.6745899999999999	-0.39361999999999997	-0.81912	-0.41608	-3.73975	0.0001842	0.0123965	1.9067	-0.70813	-0.379	-0.8834299999999999	-0.39889	-3.8305599999999997	0.000127852	0.025761400000000004	1.58903	3.496
DENND4A	EGR1	0.33682	0.011009999999999999	0.35051	0.011009999999999999	3.15015	0.00163184	0.0414505	1.38247	0.57062	0.08984	0.64845	0.09008	4.41429	1.01341e-05	0.00784103	2.10563	3.488
EHMT2	MAX	0.41036999999999996	0.05176	0.43605	0.05181	3.56541	0.00036329099999999996	0.0178214	1.7490599999999998	0.49656999999999996	0.03875	0.54474	0.03877	4.00002	6.33363e-05	0.0189205	1.72307	3.472
FOXP3	NFATC3	0.16645	-0.23709000000000002	0.16801	-0.24169000000000002	3.80154	0.000143802	0.010846600000000001	1.9647	0.24119000000000002	-0.22174000000000002	0.24603000000000003	-0.22549	3.7277099999999996	0.00019322599999999998	0.031572199999999995	1.5007	3.465
DR1	ENO1	-0.18254	0.1653	-0.18461	0.16684000000000002	-3.26103	0.00111007	0.0336261	1.47332	-0.40331	0.11703	-0.4276	0.11757000000000001	-4.30997	1.63276e-05	0.0103402	1.98547	3.459
DR1	MXI1	-0.18254	0.1653	-0.18461	0.16684000000000002	-3.26103	0.00111007	0.0336261	1.47332	-0.40331	0.11703	-0.4276	0.11757000000000001	-4.30997	1.63276e-05	0.0103402	1.98547	3.459
BCL6	ZBTB7A	-0.30761	0.06506	-0.3179	0.06515	-3.55436	0.000378901	0.0183174	1.7371400000000001	-0.40909	0.07076	-0.43451999999999996	0.07087	-3.9955199999999995	6.455319999999999e-05	0.0189953	1.72135	3.458
ILF3	TCF7L2	0.50154	0.18263	0.55137	0.18470999999999999	3.40219	0.0006684880000000001	0.0255351	1.59286	0.6786800000000001	0.28908	0.8266600000000001	0.29756	4.18291	2.87802e-05	0.0137812	1.8607099999999999	3.454
TSC22D3	ZBTB7A	-0.37375	0.016659999999999998	-0.39278	0.016659999999999998	-3.7991099999999998	0.000145214	0.010890500000000001	1.96295	-0.46967	-0.04079	-0.50964	-0.04081	-3.70646	0.000210178	0.032469200000000004	1.48853	3.451
TBX2	TBX5	-0.1158	-0.46142	-0.11632	-0.49912	3.55189	0.000382475	0.018427000000000002	1.73455	-0.28026	-0.65759	-0.28796	-0.78856	3.95762	7.56994e-05	0.020327599999999998	1.6919099999999998	3.426
TBX3	TBX5	-0.1158	-0.46142	-0.11632	-0.49912	3.55189	0.000382475	0.018427000000000002	1.73455	-0.28026	-0.65759	-0.28796	-0.78856	3.95762	7.56994e-05	0.020327599999999998	1.6919099999999998	3.426
CREBBP	SP3	-0.27026999999999995	0.13502999999999998	-0.27716	0.13585	-3.83229	0.000126955	0.010054299999999999	1.99765	-0.33100999999999997	0.11404	-0.34396	0.11454	-3.62471	0.000289285	0.037776199999999996	1.42278	3.420
PHB2	SOX17	-0.44017	-0.058710000000000005	-0.47243999999999997	-0.05878	-3.8383	0.000123891	0.00988334	2.0051	-0.42522	-0.00212	-0.45403999999999994	-0.00212	-3.57277	0.00035322800000000003	0.041650900000000005	1.38038	3.385
HOXA1	IFI16	-0.7230800000000001	-0.49653	-0.91406	-0.5447	-3.42729	0.000609643	0.0241987	1.6162100000000001	-0.76048	-0.45119	-0.99735	-0.4862	-4.04103	5.3216099999999994e-05	0.017434	1.7586	3.375
POU4F2	SIX1	0.45353999999999994	0.08634	0.48915	0.08656	3.7356199999999995	0.000187251	0.0125066	1.9028599999999998	0.46055	0.03424	0.498	0.034260000000000006	3.66624	0.000246145	0.03490719999999999	1.45708	3.360
RNF14	SIX1	0.48141000000000006	0.12433	0.52482	0.12498	3.71015	0.000207133	0.013128299999999999	1.88179	0.50558	0.09308	0.55678	0.09335	3.6637199999999996	0.000248577	0.0349571	1.45646	3.338
SFPQ	TCFL5	-0.17478	0.19225	-0.17659	0.19468	-3.44499	0.000571082	0.023309200000000002	1.63247	-0.53417	-0.09365	-0.59597	-0.09393	-3.969	7.21757e-05	0.019814500000000002	1.70302	3.335
SIX1	TSC22D3	0.21968000000000001	-0.16115	0.22332	-0.16257	3.5806400000000003	0.000342753	0.017257400000000003	1.76302	0.43526000000000004	-0.01454	0.46637	-0.01454	3.80195	0.000143561	0.027180400000000004	1.56574	3.329
DR1	HOXC13	-0.01605	-0.40636	-0.01605	-0.43123999999999996	3.8525	0.000116919	0.00968079	2.01409	0.18972999999999998	-0.24384	0.19205999999999998	-0.24885	3.4856800000000003	0.000490887	0.048536699999999995	1.3139299999999998	3.328
E2F4	TCF7L2	-0.68304	-0.45132	-0.8347899999999999	-0.48636	-3.2330099999999997	0.00122493	0.0355288	1.4494200000000002	-0.8032100000000001	-0.52048	-1.1076	-0.577	-4.19476	2.7316399999999998e-05	0.013323699999999999	1.8753799999999998	3.325
DENND4A	SP1	0.2921	-0.08223	0.30086	-0.08242000000000001	3.5564	0.000375968	0.01822	1.73945	0.30389	-0.1654	0.3138	-0.16693	3.80049	0.000144413	0.0272423	1.56476	3.304
KLF9	PAX2	-0.5028600000000001	-0.15066	-0.55313	-0.15181	-3.72381	0.000196235	0.012806399999999999	1.89257	-0.47362	-0.059570000000000005	-0.51473	-0.05964	-3.59781	0.000320903	0.039547399999999996	1.40288	3.295
KLF9	YEATS4	-0.5028600000000001	-0.15066	-0.55313	-0.15181	-3.72381	0.000196235	0.012806399999999999	1.89257	-0.47362	-0.059570000000000005	-0.51473	-0.05964	-3.59781	0.000320903	0.039547399999999996	1.40288	3.295
KLF9	RUVBL1	-0.5028600000000001	-0.15066	-0.55313	-0.15181	-3.72381	0.000196235	0.012806399999999999	1.89257	-0.47362	-0.059570000000000005	-0.51473	-0.05964	-3.59781	0.000320903	0.039547399999999996	1.40288	3.295
SFPQ	SP4	-0.44185	-0.14269	-0.47452	-0.14367	-3.0699099999999997	0.00214123	0.048446800000000005	1.31473	-0.50057	-0.00838	-0.55006	-0.00838	-4.28239	1.84895e-05	0.0108814	1.9633200000000002	3.278
APBB1	KLF4	0.43572	0.07509	0.46693	0.07522999999999999	3.6345699999999996	0.000278447	0.0153399	1.81418	0.45011999999999996	0.02076	0.48485	0.02077	3.6689	0.00024359700000000002	0.034773	1.45876	3.273
NRIP1	SETBP1	-0.20381	0.19034	-0.20670999999999998	0.19269	-3.7059699999999998	0.000210583	0.0132286	1.8784900000000002	-0.40966	0.01438	-0.4352	0.01438	-3.55427	0.000379037	0.043091500000000005	1.36561	3.244
KLF4	POU2F1	-0.27742	0.10780999999999999	-0.28488	0.10822999999999999	-3.6476699999999997	0.000264632	0.014955100000000002	1.8252099999999998	-0.51612	-0.1131	-0.57103	-0.11359000000000001	-3.6164	0.000298731	0.0385048	1.41448	3.240
HCFC1	YBX1	-0.36309	-0.03179	-0.38044	-0.0318	-3.2349799999999997	0.00121653	0.035373800000000004	1.4513200000000002	-0.39148	0.10048	-0.41355	0.10082	-4.06644	4.77375e-05	0.0163957	1.7852700000000001	3.237
EWSR1	HIC1	0.26542	-0.12534	0.27193	-0.12600999999999998	3.6924699999999997	0.00022209	0.013608199999999999	1.8662	0.46338999999999997	0.05517999999999999	0.50163	0.05524	3.5290199999999996	0.00041710099999999996	0.0450223	1.34657	3.213
BCL6	MYBL2	0.47	0.12592	0.51007	0.1266	3.5582300000000004	0.000373366	0.018121099999999998	1.7418200000000001	0.5483600000000001	0.15145999999999998	0.61603	0.15263	3.6635	0.000248793	0.0349571	1.45646	3.198
TCF7L2	ZNF143	0.5195	0.22934000000000002	0.5756600000000001	0.23349	3.1749099999999997	0.00149882	0.0396315	1.40196	0.54866	0.10008	0.61647	0.10041	4.07975	4.50835e-05	0.016154599999999998	1.7917	3.194
NCOA1	SP3	-0.36838000000000004	-0.008190000000000001	-0.38655	-0.008190000000000001	-3.51082	0.00044673	0.0202657	1.69324	-0.44064	-0.00183	-0.47302	-0.00183	-3.72514	0.000195206	0.0317112	1.49879	3.192
HEY2	SOX17	-0.45698999999999995	-0.10177	-0.4935	-0.10213	-3.6314900000000003	0.000281788	0.015403100000000001	1.8123900000000002	-0.47958999999999996	-0.07209	-0.52245	-0.07222	-3.55939	0.000371719	0.042584500000000004	1.37075	3.183
RUNX3	SALL4	-0.07017000000000001	0.2749	-0.07028999999999999	0.28215999999999997	-3.2703	0.00107435	0.0330125	1.48132	-0.48184	-0.0236	-0.5253800000000001	-0.0236	-3.96694	7.28005e-05	0.019947	1.70012	3.181
MAX	YBX1	-0.35196	0.01593	-0.36768	0.01593	-3.5595	0.000371556	0.018073500000000003	1.7429599999999998	-0.49916000000000005	-0.08852	-0.54818	-0.08876	-3.63208	0.000281143	0.037214	1.42929	3.172
DENND4A	NR1I2	0.24072	-0.08812	0.24554	-0.08835	3.0981	0.00194766	0.045973	1.3375	0.43106000000000005	-0.06319	0.46119	-0.06327	4.14626	3.37944e-05	0.014715	1.83224	3.170
GATA2	RFX1	0.43007	0.06542	0.45998	0.06551	3.66017	0.000252044	0.0145929	1.8358599999999998	0.46963999999999995	0.06817999999999999	0.50961	0.06829	3.4889699999999997	0.000484883	0.048283099999999995	1.3162	3.152
GATA6	TSG101	0.5133800000000001	0.20025	0.56731	0.20299	3.38049	0.000723573	0.026722199999999998	1.57313	0.61775	0.23476	0.72135	0.23922	3.8115699999999997	0.000138088	0.026672500000000002	1.57394	3.147
FOXP3	POU2F2	-0.28096	0.06773	-0.28872	0.06783	-3.3084300000000004	0.000938197	0.030649000000000003	1.51358	-0.48248	-0.03464	-0.5262100000000001	-0.03465	-3.88615	0.000101847	0.0232784	1.63305	3.147
E4F1	POU2F2	-0.48973999999999995	-0.19710999999999998	-0.53572	-0.19972	-3.11773	0.00182251	0.0441509	1.35506	-0.58339	-0.15325999999999998	-0.66759	-0.15448	-4.05649	4.98167e-05	0.0166288	1.7791400000000002	3.134
DENND4A	RBMX	-0.46369	-0.12418	-0.502	-0.12482	-3.4998099999999996	0.00046559300000000004	0.0207563	1.68285	-0.53771	-0.13859000000000002	-0.60093	-0.13949	-3.6480099999999998	0.000264278	0.03604980000000001	1.4431	3.126
E2F7	TCF7L2	-0.6702199999999999	-0.39585	-0.81114	-0.41872	-3.64129	0.00027127200000000003	0.0151355	1.82	-0.66435	-0.34658	-0.80057	-0.36155	-3.4707	0.000519095	0.04974919999999999	1.30321	3.123
POLR1A	TCF7L2	-0.6702199999999999	-0.39585	-0.81114	-0.41872	-3.64129	0.00027127200000000003	0.0151355	1.82	-0.66435	-0.34658	-0.80057	-0.36155	-3.4707	0.000519095	0.04974919999999999	1.30321	3.123
E2F8	TCF7L2	-0.6702199999999999	-0.39585	-0.81114	-0.41872	-3.64129	0.00027127200000000003	0.0151355	1.82	-0.66435	-0.34658	-0.80057	-0.36155	-3.4707	0.000519095	0.04974919999999999	1.30321	3.123
NFIL3	YBX1	-0.21475	0.14869000000000002	-0.21814	0.14981	-3.41415	0.000639805	0.024977799999999998	1.60245	-0.47978999999999994	-0.049280000000000004	-0.52271	-0.049319999999999996	-3.74243	0.00018224599999999998	0.030358600000000003	1.5177200000000002	3.120
BCL6	MXI1	-0.4617	-0.12936	-0.49946999999999997	-0.13009	-3.42746	0.0006092480000000001	0.024195599999999998	1.61626	-0.5588	-0.15871	-0.6310899999999999	-0.16005999999999998	-3.7238300000000004	0.00019622700000000002	0.0317149	1.49874	3.115
BCL6	ENO1	-0.4617	-0.12936	-0.49946999999999997	-0.13009	-3.42746	0.0006092480000000001	0.024195599999999998	1.61626	-0.5588	-0.15871	-0.6310899999999999	-0.16005999999999998	-3.7238300000000004	0.00019622700000000002	0.0317149	1.49874	3.115
MYCN	SP1	0.31488	-0.04567	0.32595999999999997	-0.0457	3.4486	0.000563507	0.0231267	1.63589	0.6239600000000001	0.25885	0.73146	0.26487	3.68871	0.000225393	0.033487699999999995	1.47512	3.111
HIF1A	REST	-0.28531	0.09294	-0.29345	0.0932	-3.58773	0.000333575	0.016978	1.7701099999999999	-0.50478	-0.11055999999999999	-0.5557	-0.11101	-3.5155800000000004	0.000438788	0.04598680000000001	1.3373700000000002	3.107
AATF	MXI1	-0.82826	-0.6844100000000001	-1.1825700000000001	-0.83736	-3.20315	0.00135931	0.037500599999999995	1.4259600000000001	-0.87521	-0.69538	-1.35493	-0.8583	-3.9262300000000003	8.628879999999999e-05	0.0213082	1.67145	3.097
AATF	ENO1	-0.82826	-0.6844100000000001	-1.1825700000000001	-0.83736	-3.20315	0.00135931	0.037500599999999995	1.4259600000000001	-0.87521	-0.69538	-1.35493	-0.8583	-3.9262300000000003	8.628879999999999e-05	0.0213082	1.67145	3.097
TFDP1	ZNF143	0.522	0.21398000000000003	0.57908	0.21734	3.3565699999999996	0.000789149	0.0278659	1.55493	0.38347	-0.07227	0.40412	-0.0724	3.7671900000000003	0.00016509400000000002	0.029130700000000002	1.53565	3.091
MEF2A	RUNX3	0.05563	-0.28846	0.05567999999999999	-0.29689	3.2715	0.0010698	0.0329341	1.48235	0.41302	-0.046810000000000004	0.43925	-0.04685	3.8429300000000004	0.000121576	0.0251553	1.5993700000000002	3.082
ECD	SF1	0.246	-0.12305999999999999	0.25115	-0.12369000000000001	3.4780599999999997	0.00050505	0.0217279	1.66298	0.4728	0.05662999999999999	0.51367	0.05669	3.61279	0.000302917	0.0386775	1.41254	3.076
APC	SMARCA4	0.39507	0.0848	0.41778999999999994	0.085	3.0878799999999997	0.00201592	0.0468723	1.3290799999999998	0.5931	0.17362	0.68243	0.17539000000000002	4.00851	6.11043e-05	0.018563999999999997	1.73133	3.060
PITX2	ZNF143	-0.04601	-0.36001	-0.04604	-0.37689	3.0699099999999997	0.00214123	0.048446800000000005	1.31473	0.35104	-0.14085999999999999	0.36663	-0.14181	4.0195	5.83227e-05	0.018197099999999997	1.74	3.055
KLF4	RARB	0.132	-0.24098000000000003	0.13277	-0.24581	3.51281	0.00044340199999999997	0.0202012	1.69462	0.37988	-0.0468	0.39993	-0.046830000000000004	3.5319300000000005	0.000412537	0.0447023	1.3496700000000001	3.044
MTF1	TWIST2	0.2627	-0.10615999999999999	0.26900999999999997	-0.10655999999999999	3.4848199999999996	0.000492464	0.021425599999999996	1.66907	0.31074	-0.12600999999999998	0.32136	-0.12668	3.5421300000000002	0.00039691300000000004	0.0440711	1.35585	3.025
SIX1	TCF4	0.23899	-0.11475999999999999	0.2437	-0.11527000000000001	3.3308199999999997	0.000865902	0.0293762	1.532	0.4626	0.030869999999999998	0.50062	0.03088	3.7135800000000003	0.00020435	0.032315300000000005	1.4905899999999999	3.023
CEBPE	EP300	-0.051460000000000006	-0.37156	-0.05151	-0.39023	3.14299	0.00167229	0.042061699999999994	1.37611	-0.11489	-0.54346	-0.1154	-0.60906	3.9027300000000005	9.5115e-05	0.0225699	1.64647	3.023
E2F1	FOXO4	-0.36637	-0.0167	-0.38422	-0.0167	-3.41022	0.00064911	0.025150299999999997	1.59946	-0.39566	0.03997	-0.41849	0.03999	-3.6245800000000004	0.00028942599999999996	0.037776199999999996	1.42278	3.022
HIF1A	TCF4	0.19902	-0.12792	0.20171	-0.12862	3.06515	0.0021756	0.0488606	1.31104	0.46695	0.0026100000000000003	0.50617	0.0026100000000000003	3.98096	6.86363e-05	0.0194682	1.7106700000000001	3.022
APC	TSC22D3	-0.37377	-0.01206	-0.3928	-0.01206	-3.5328	0.000411181	0.019294299999999997	1.7145700000000001	-0.46718999999999994	-0.06673	-0.50647	-0.06683	-3.47565	0.0005096090000000001	0.0496634	1.30396	3.019
DENND4A	IRF1	-0.35695	-0.007379999999999999	-0.37339	-0.007379999999999999	-3.39618	0.000683334	0.025895400000000002	1.5867799999999999	-0.54477	-0.15078	-0.6109100000000001	-0.15194000000000002	-3.62845	0.000285127	0.0375139	1.42581	3.013
NFIL3	POU4F1	0.59772	0.31235999999999997	0.6895899999999999	0.32316	3.4001	0.000673624	0.025655900000000002	1.59081	0.66502	0.33102	0.80177	0.34398	3.61915	0.000295575	0.038253800000000004	1.41733	3.008
PAX2	SMAD4	0.36717	0.03369	0.38515	0.0337	3.2611	0.00110982	0.0336261	1.47332	0.45465	0.01487	0.49054	0.01487	3.7605	0.00016957099999999998	0.029391900000000006	1.53177	3.005
SMAD4	YEATS4	0.36717	0.03369	0.38515	0.0337	3.2611	0.00110982	0.0336261	1.47332	0.45465	0.01487	0.49054	0.01487	3.7605	0.00016957099999999998	0.029391900000000006	1.53177	3.005
RUVBL1	SMAD4	0.36717	0.03369	0.38515	0.0337	3.2611	0.00110982	0.0336261	1.47332	0.45465	0.01487	0.49054	0.01487	3.7605	0.00016957099999999998	0.029391900000000006	1.53177	3.005
IFI16	MXI1	0.78685	0.60469	1.0631	0.7005100000000001	3.36449	0.0007668489999999999	0.027486400000000005	1.5608799999999998	0.80197	0.56794	1.1041	0.64447	3.6336800000000005	0.000279403	0.0371711	1.42979	2.991
ENO1	IFI16	0.78685	0.60469	1.0631	0.7005100000000001	3.36449	0.0007668489999999999	0.027486400000000005	1.5608799999999998	0.80197	0.56794	1.1041	0.64447	3.6336800000000005	0.000279403	0.0371711	1.42979	2.991
FOXG1	TP73	-0.76912	-0.5848800000000001	-1.01816	-0.66985	-3.2319299999999997	0.00122955	0.0355605	1.4490299999999998	-0.79856	-0.55045	-1.0946200000000001	-0.61903	-3.75985	0.000170013	0.029391900000000006	1.53177	2.981
CBX8	TP73	-0.76912	-0.5848800000000001	-1.01816	-0.66985	-3.2319299999999997	0.00122955	0.0355605	1.4490299999999998	-0.79856	-0.55045	-1.0946200000000001	-0.61903	-3.75985	0.000170013	0.029391900000000006	1.53177	2.981
TP73	ZBTB17	-0.76912	-0.5848800000000001	-1.01816	-0.66985	-3.2319299999999997	0.00122955	0.0355605	1.4490299999999998	-0.79856	-0.55045	-1.0946200000000001	-0.61903	-3.75985	0.000170013	0.029391900000000006	1.53177	2.981
NFIA	TP73	-0.76912	-0.5848800000000001	-1.01816	-0.66985	-3.2319299999999997	0.00122955	0.0355605	1.4490299999999998	-0.79856	-0.55045	-1.0946200000000001	-0.61903	-3.75985	0.000170013	0.029391900000000006	1.53177	2.981
TP73	ZBTB5	-0.76912	-0.5848800000000001	-1.01816	-0.66985	-3.2319299999999997	0.00122955	0.0355605	1.4490299999999998	-0.79856	-0.55045	-1.0946200000000001	-0.61903	-3.75985	0.000170013	0.029391900000000006	1.53177	2.981
KLF16	TP73	-0.76912	-0.5848800000000001	-1.01816	-0.66985	-3.2319299999999997	0.00122955	0.0355605	1.4490299999999998	-0.79856	-0.55045	-1.0946200000000001	-0.61903	-3.75985	0.000170013	0.029391900000000006	1.53177	2.981
POU2F2	POU4F1	0.35125	-0.00256	0.36687	-0.00256	3.42794	0.000608186	0.024184	1.61647	0.42708	0.00792	0.45631000000000005	0.00792	3.54484	0.00039285800000000005	0.043829900000000005	1.3582299999999998	2.975
KCNIP3	POU2F2	0.31206	-0.04372	0.32283	-0.04374	3.4014	0.000670408	0.025583099999999998	1.59205	0.35874	-0.07447000000000001	0.37544	-0.07461	3.558	0.000373695	0.0426727	1.36985	2.962
MXI1	SMARCA4	0.4982	0.17839000000000002	0.54691	0.18032	3.4015199999999997	0.0006701239999999999	0.0255772	1.59215	0.6600699999999999	0.33245	0.79293	0.34558	3.53661	0.00040529199999999997	0.044455800000000004	1.35207	2.944
ENO1	SMARCA4	0.4982	0.17839000000000002	0.54691	0.18032	3.4015199999999997	0.0006701239999999999	0.0255772	1.59215	0.6600699999999999	0.33245	0.79293	0.34558	3.53661	0.00040529199999999997	0.044455800000000004	1.35207	2.944
E2F6	FOXO3	0.57952	0.31103000000000003	0.66173	0.32169000000000003	3.1552700000000002	0.00160352	0.041132300000000004	1.38582	0.53672	0.11940999999999999	0.59953	0.11997999999999999	3.7911599999999996	0.000149946	0.0277533	1.55669	2.943
NFIA	SP3	0.36908	0.02568	0.38736	0.025689999999999998	3.35595	0.000790925	0.0278659	1.55493	0.42911000000000005	0.0072900000000000005	0.45881000000000005	0.0072900000000000005	3.56952	0.00035763300000000005	0.0417589	1.37925	2.934
SP3	ZBTB5	0.36908	0.02568	0.38736	0.025689999999999998	3.35595	0.000790925	0.0278659	1.55493	0.42911000000000005	0.0072900000000000005	0.45881000000000005	0.0072900000000000005	3.56952	0.00035763300000000005	0.0417589	1.37925	2.934
KLF16	SP3	0.36908	0.02568	0.38736	0.025689999999999998	3.35595	0.000790925	0.0278659	1.55493	0.42911000000000005	0.0072900000000000005	0.45881000000000005	0.0072900000000000005	3.56952	0.00035763300000000005	0.0417589	1.37925	2.934
FOXG1	SP3	0.36908	0.02568	0.38736	0.025689999999999998	3.35595	0.000790925	0.0278659	1.55493	0.42911000000000005	0.0072900000000000005	0.45881000000000005	0.0072900000000000005	3.56952	0.00035763300000000005	0.0417589	1.37925	2.934
CBX8	SP3	0.36908	0.02568	0.38736	0.025689999999999998	3.35595	0.000790925	0.0278659	1.55493	0.42911000000000005	0.0072900000000000005	0.45881000000000005	0.0072900000000000005	3.56952	0.00035763300000000005	0.0417589	1.37925	2.934
SP3	ZBTB17	0.36908	0.02568	0.38736	0.025689999999999998	3.35595	0.000790925	0.0278659	1.55493	0.42911000000000005	0.0072900000000000005	0.45881000000000005	0.0072900000000000005	3.56952	0.00035763300000000005	0.0417589	1.37925	2.934
DLX5	IFI16	-0.69682	-0.4774	-0.86108	-0.51961	-3.16847	0.00153245	0.0400192	1.39773	-0.69545	-0.36628	-0.85844	-0.38411999999999996	-3.7498199999999997	0.00017696200000000002	0.029920099999999998	1.52404	2.922
GATA6	PAX6	-0.25174	0.1082	-0.25727	0.10862999999999999	-3.39514	0.0006859360000000001	0.0259467	1.58592	-0.37318	0.0495	-0.39211	0.04954	-3.49159	0.000480157	0.0480274	1.31851	2.904
NFIL3	POU2F2	0.10446	-0.25339	0.10485	-0.25903000000000004	3.37641	0.000734371	0.026946299999999996	1.5695	0.45303999999999994	0.044239999999999995	0.48851000000000006	0.04427	3.51206	0.000444655	0.0462941	1.33447	2.904
EGR1	YBX1	-0.30728	0.037160000000000006	-0.31754	0.03718	-3.29138	0.0009969739999999999	0.0316921	1.49905	-0.54174	-0.15049	-0.6066199999999999	-0.15164	-3.59688	0.000322055	0.0395913	1.4024	2.901
CRTC1	FOXO3	0.27532	-0.05442	0.28261	-0.054470000000000005	3.12774	0.00176155	0.0432931	1.36358	0.4218	-0.02259	0.44988	-0.02259	3.7352300000000005	0.00018754400000000002	0.0309007	1.51003	2.874
IFI16	MYBL2	-0.79176	-0.62679	-1.07613	-0.73611	-3.15502	0.00160487	0.04115069999999999	1.38562	-0.80776	-0.5748	-1.12056	-0.65467	-3.68319	0.00023033	0.03393909999999999	1.4693	2.855
NF1	RUNX3	-0.44636000000000003	-0.13587	-0.48013999999999996	-0.13672	-3.1865900000000003	0.0014396	0.0388327	1.4108	-0.34836999999999996	0.09297000000000001	-0.36359	0.09324	-3.61155	0.000304371	0.038749	1.41174	2.823
SFPQ	ZNF143	0.32702	0.009470000000000001	0.33949	0.009470000000000001	3.06216	0.00219746	0.049157	1.30841	0.53337	0.12155	0.5948399999999999	0.12215	3.73694	0.000186272	0.0308203	1.51116	2.820
EBF3	SP3	-0.35115999999999997	-0.023880000000000002	-0.36676	-0.023880000000000002	-3.1815700000000002	0.00146478	0.0391839	1.40689	-0.41627	0.01176	-0.44317	0.01176	-3.59657	0.000322442	0.0396129	1.40216	2.809
RUNX3	SIX1	-0.09834	0.24813000000000002	-0.09866	0.25342	-3.2669099999999998	0.0010873	0.03324269999999999	1.4783	-0.36746	0.057120000000000004	-0.38548000000000004	0.057179999999999995	-3.49955	0.00046604400000000004	0.0472936	1.3252	2.803
CDX2	KDM2A	0.27869	-0.05605	0.28626	-0.05611	3.17677	0.00148924	0.039495	1.40346	0.55411	0.17301	0.62429	0.17477	3.55381	0.000379699	0.0431418	1.3651	2.769
DLX4	ZNF143	-0.28312	0.045360000000000004	-0.29107	0.04539	-3.12202	0.00179615	0.0437788	1.35874	-0.34395	0.09186	-0.35857	0.09212000000000001	-3.5629699999999995	0.000366681	0.042347699999999995	1.37317	2.732
ID4	ZNF143	-0.28312	0.045360000000000004	-0.29107	0.04539	-3.12202	0.00179615	0.0437788	1.35874	-0.34395	0.09186	-0.35857	0.09212000000000001	-3.5629699999999995	0.000366681	0.042347699999999995	1.37317	2.732
ECD	TSC22D3	-0.51753	-0.2256	-0.57296	-0.22955	-3.18642	0.00144047	0.0388349	1.41078	-0.5322100000000001	-0.15184	-0.59323	-0.15303	-3.4801	0.0005012269999999999	0.0491388	1.3085799999999999	2.719
HOXA10	SMAD4	-0.26905999999999997	0.05513	-0.27585	0.055189999999999996	-3.0717	0.00212846	0.048308699999999996	1.31597	-0.31793000000000005	0.12498	-0.32935	0.12563	-3.59695	0.000321967	0.0395913	1.4024	2.718
E2F3	SP3	-0.33937	-0.02402	-0.35338	-0.02402	-3.05608	0.00224252	0.049639300000000004	1.30417	-0.37755	0.05853	-0.3972	0.058589999999999996	-3.60336	0.000314128	0.039303899999999996	1.4055600000000001	2.710
GCM2	SPIB	0.52325	0.23940999999999998	0.58081	0.24415	3.1238200000000003	0.00178518	0.043617500000000003	1.3603399999999999	0.46238	0.054560000000000004	0.50033	0.05462	3.52369	0.00042557900000000004	0.0453487	1.34344	2.704
NFYC	SOX17	0.24199	-0.08946	0.24689	-0.0897	3.12322	0.00178883	0.0436775	1.35974	0.35122	-0.07672999999999999	0.36683000000000004	-0.07687999999999999	3.5078699999999996	0.000451703	0.0465106	1.33245	2.692
MLLT10	SP3	0.35374	0.03275	0.36971	0.032760000000000004	3.12653	0.00176885	0.0434073	1.3624399999999999	0.34478000000000003	-0.08312	0.35951	-0.08331000000000001	3.50083	0.00046382	0.0471897	1.32615	2.689
